1608111504181 0 49
1608111509374 0 76
1608111512486 1 99
1608111517497 1 149
1608111519369 1 153
1608111524252 2 199
1608111528859 2 230
1608111531092 3 249
1608111536174 3 299
1608111538468 3 307
1608111543030 4 349
1608111547939 4 384
1608111549672 5 399
1608111554686 5 449
1608111557480 5 461
1608111561974 6 499
1608111567964 6 538
1608111569411 7 549
1608111574689 7 599
1608111577854 7 615
1608111581654 8 649
1608111587353 8 692
1608111588342 9 699
1608111593398 9 749
1608111596822 9 769
1608111600125 10 799
1608111606294 10 846
1608111606871 11 849
1608111612129 11 899
1608111615940 11 923
1608111618868 12 949
1608111623758 12 999
1608111625316 12 1000
1608111630467 13 1049
1608111634882 13 1077
1608111637383 14 1099
1608111642259 14 1149
1608111644250 14 1154
1608111649446 15 1199
1608111654297 15 1231
1608111656376 16 1249
1608111661655 16 1299
1608111664099 16 1308
1608111668645 17 1349
1608111673875 17 1385
1608111675572 18 1399
1608111680597 18 1449
1608111683524 18 1462
1608111687682 19 1499
1608111693378 19 1539
1608111694609 20 1549
1608111699514 20 1599
1608111702597 20 1616
1608111706280 21 1649
1608111712355 21 1693
1608111713241 22 1699
1608111718539 22 1749
1608111722283 22 1770
1608111725591 23 1799
1608111732394 23 1847
1608111732881 24 1849
1608111738529 24 1899
1608111742863 24 1924
1608111745649 25 1949
1608111750704 25 1999
1608111752407 25 2001
1608111757567 26 2049
1608111762106 26 2078
1608111764635 27 2099
1608111770215 27 2149
1608111772348 27 2155
1608111777297 28 2199
1608111782138 28 2232
1608111784192 29 2249
1608111789351 29 2299
1608111791866 29 2309
1608111796124 30 2349
1608111801763 30 2386
1608111803405 31 2399
1608111808754 31 2449
1608111811611 31 2463
1608111815566 32 2499
1608111821345 32 2540
1608111822522 33 2549
1608111827734 33 2599
1608111831169 33 2617
1608111834917 34 2649
1608111841293 34 2694
1608111842096 35 2699
1608111847214 35 2749
1608111850959 35 2771
1608111854101 36 2799
1608111860635 36 2848
1608111860992 37 2849
1608111865993 37 2899
1608111870113 37 2925
1608111872708 38 2949
1608111877627 38 2999
1608111879351 38 3002
1608111884269 39 3049
1608111888744 39 3079
1608111891017 40 3099
1608111896060 40 3149
1608111898442 40 3156
1608111903072 41 3199
1608111907960 41 3233
1608111909789 42 3249
1608111914701 42 3299
1608111917237 42 3310
1608111921667 43 3349
1608111927125 43 3387
1608111928615 44 3399
1608111933988 44 3449
1608111937041 44 3464
1608111941050 45 3499
1608111946975 45 3541
1608111948072 46 3549
1608111953369 46 3599
1608111956829 46 3618
1608111960305 47 3649
1608111966722 47 3695
1608111967456 48 3699
1608111972924 48 3749
1608111976792 48 3772
1608111979889 49 3799
1608111985080 49 3849
1608111986655 49 3849
1608111992279 50 3899
1608111996742 50 3926
1608111999531 51 3949
1608112004819 51 3999
1608112006713 51 4003
1608112011621 52 4049
1608112016199 52 4080
1608112018374 53 4099
1608112023317 53 4149
1608112025621 53 4157
1608112030123 54 4199
1608112035486 54 4234
1608112037351 55 4249
1608112042547 55 4299
1608112045265 55 4311
1608112049544 56 4349
1608112055203 56 4388
1608112056619 57 4399
1608112061795 57 4449
1608112064837 57 4465
1608112068637 58 4499
1608112074679 58 4542
1608112075725 59 4549
1608112081262 59 4599
1608112085016 59 4619
1608112088512 60 4649
1608112095146 60 4696
1608112095722 61 4699
1608112101297 61 4749
1608112105500 61 4773
1608112108639 62 4799
1608112113959 62 4849
1608112115631 62 4850
1608112121019 63 4899
1608112125326 63 4927
1608112127868 64 4949
1608112133089 64 4999
1608112135087 64 5004
1608112140172 65 5049
1608112145028 65 5081
1608112147217 66 5099
1608112152393 66 5149
1608112154732 66 5158
1608112159116 67 5199
1608112164220 67 5235
1608112166031 68 5249
1608112171076 68 5299
1608112173912 68 5312
1608112178060 69 5349
1608112183566 69 5389
1608112184862 70 5399
1608112189941 70 5449
1608112193142 70 5466
1608112196713 71 5499
1608112202387 71 5543
1608112203258 72 5549
1608112208216 72 5599
1608112212026 72 5620
1608112215361 73 5649
1608112221954 73 5697
1608112222421 74 5699
1608112227819 74 5749
1608112231797 74 5774
1608112234688 75 5799
1608112239709 75 5849
1608112241546 75 5851
1608112264872 76 5897
