1608111504181 0.06640625 49
1608111512486 0.05078125 99
1608111517497 0.04296875 149
1608111524252 0.05078125 199
1608111531092 0.08203125 249
1608111536174 0.078125 299
1608111543030 0.125 349
1608111549672 0.08203125 399
1608111554686 0.07421875 449
1608111561974 0.0625 499
1608111569411 0.13671875 549
1608111574689 0.07421875 599
1608111581654 0.07421875 649
1608111588342 0.12109375 699
1608111593398 0.1328125 749
1608111600125 0.11328125 799
1608111606871 0.13671875 849
1608111612129 0.1328125 899
1608111618868 0.13671875 949
1608111623758 0.125 999
1608111630467 0.11328125 1049
1608111637383 0.17578125 1099
1608111642259 0.08203125 1149
1608111649446 0.15234375 1199
1608111656376 0.1015625 1249
1608111661655 0.1484375 1299
1608111668645 0.1953125 1349
1608111675572 0.15234375 1399
1608111680597 0.1796875 1449
1608111687682 0.12890625 1499
1608111694609 0.21875 1549
1608111699514 0.1796875 1599
1608111706280 0.13671875 1649
1608111713241 0.203125 1699
1608111718539 0.17578125 1749
1608111725591 0.2109375 1799
1608111732881 0.18359375 1849
1608111738529 0.14453125 1899
1608111745649 0.22265625 1949
1608111750704 0.19921875 1999
1608111757567 0.21484375 2049
1608111764635 0.16796875 2099
1608111770215 0.26171875 2149
1608111777297 0.1640625 2199
1608111784192 0.18359375 2249
1608111789351 0.203125 2299
1608111796124 0.1640625 2349
1608111803405 0.16015625 2399
1608111808754 0.19140625 2449
1608111815566 0.16015625 2499
1608111822522 0.12890625 2549
1608111827734 0.15625 2599
1608111834917 0.21484375 2649
1608111842096 0.16796875 2699
1608111847214 0.234375 2749
1608111854101 0.17578125 2799
1608111860992 0.203125 2849
1608111865993 0.24609375 2899
1608111872708 0.1875 2949
1608111877627 0.203125 2999
1608111884269 0.18359375 3049
1608111891017 0.22265625 3099
1608111896060 0.2578125 3149
1608111903072 0.171875 3199
1608111909789 0.203125 3249
1608111914701 0.17578125 3299
1608111921667 0.2265625 3349
1608111928615 0.171875 3399
1608111933988 0.1640625 3449
1608111941050 0.14453125 3499
1608111948072 0.14453125 3549
1608111953369 0.1875 3599
1608111960305 0.20703125 3649
1608111967456 0.26171875 3699
1608111972924 0.17578125 3749
1608111979889 0.19140625 3799
1608111985080 0.22297297418117523 3849
1608111992279 0.20703125 3899
1608111999531 0.17578125 3949
1608112004819 0.1953125 3999
1608112011621 0.203125 4049
1608112018374 0.23828125 4099
1608112023317 0.1953125 4149
1608112030123 0.25390625 4199
1608112037351 0.17578125 4249
1608112042547 0.19921875 4299
1608112049544 0.203125 4349
1608112056619 0.23828125 4399
1608112061795 0.21484375 4449
1608112068637 0.1171875 4499
1608112075725 0.21875 4549
1608112081262 0.25 4599
1608112088512 0.1953125 4649
1608112095722 0.1796875 4699
1608112101297 0.26171875 4749
1608112108639 0.1484375 4799
1608112113959 0.1171875 4849
1608112121019 0.20703125 4899
1608112127868 0.19921875 4949
1608112133089 0.14453125 4999
1608112140172 0.26953125 5049
1608112147217 0.17578125 5099
1608112152393 0.203125 5149
1608112159116 0.20703125 5199
1608112166031 0.24609375 5249
1608112171076 0.23046875 5299
1608112178060 0.22265625 5349
1608112184862 0.1953125 5399
1608112189941 0.1640625 5449
1608112196713 0.2578125 5499
1608112203258 0.27734375 5549
1608112208216 0.16015625 5599
1608112215361 0.19140625 5649
1608112222421 0.21875 5699
1608112227819 0.21484375 5749
1608112234688 0.2734375 5799
1608112239709 0.2265625 5849
