1608111504181 3.268893241882324 49
1608111512486 3.1943421363830566 99
1608111517497 3.2287487983703613 149
1608111524252 3.1970603466033936 199
1608111531092 3.1606712341308594 249
1608111536174 3.2285938262939453 299
1608111543030 3.019726514816284 349
1608111549672 3.2136387825012207 399
1608111554686 3.174179792404175 449
1608111561974 3.1282615661621094 499
1608111569411 2.9219658374786377 549
1608111574689 3.289369821548462 599
1608111581654 3.743502378463745 649
1608111588342 2.815857172012329 699
1608111593398 2.764845609664917 749
1608111600125 3.059173107147217 799
1608111606871 2.7745282649993896 849
1608111612129 2.805602788925171 899
1608111618868 2.8322813510894775 949
1608111623758 2.8759520053863525 999
1608111630467 2.9713363647460938 1049
1608111637383 2.781161308288574 1099
1608111642259 3.5064609050750732 1149
1608111649446 2.674877166748047 1199
1608111656376 3.1540462970733643 1249
1608111661655 3.1856422424316406 1299
1608111668645 2.673900842666626 1349
1608111675572 2.6135261058807373 1399
1608111680597 2.535547971725464 1449
1608111687682 2.800743579864502 1499
1608111694609 2.5198237895965576 1549
1608111699514 2.6786153316497803 1599
1608111706280 2.687645435333252 1649
1608111713241 2.6080827713012695 1699
1608111718539 2.6247286796569824 1749
1608111725591 2.7103376388549805 1799
1608111732881 2.457712411880493 1849
1608111738529 2.7915406227111816 1899
1608111745649 2.4115428924560547 1949
1608111750704 2.483774423599243 1999
1608111757567 2.5587360858917236 2049
1608111764635 2.5107765197753906 2099
1608111770215 2.368373394012451 2149
1608111777297 2.5089268684387207 2199
1608111784192 2.660980701446533 2249
1608111789351 2.4198973178863525 2299
1608111796124 2.572268486022949 2349
1608111803405 2.596181869506836 2399
1608111808754 2.4567911624908447 2449
1608111815566 2.511666774749756 2499
1608111822522 2.859482526779175 2549
1608111827734 2.652801036834717 2599
1608111834917 2.485623836517334 2649
1608111842096 2.599480628967285 2699
1608111847214 2.250436544418335 2749
1608111854101 2.591315507888794 2799
1608111860992 2.322406530380249 2849
1608111865993 2.2030434608459473 2899
1608111872708 2.54496431350708 2949
1608111877627 2.4631919860839844 2999
1608111884269 2.581036329269409 3049
1608111891017 2.3706886768341064 3099
1608111896060 2.191199779510498 3149
1608111903072 2.737593650817871 3199
1608111909789 2.365992307662964 3249
1608111914701 2.968817710876465 3299
1608111921667 2.3576266765594482 3349
1608111928615 2.436758279800415 3399
1608111933988 2.621607780456543 3449
1608111941050 2.8569202423095703 3499
1608111948072 3.064770221710205 3549
1608111953369 2.205272912979126 3599
1608111960305 2.493532657623291 3649
1608111967456 2.151451826095581 3699
1608111972924 2.6622445583343506 3749
1608111979889 2.506875991821289 3799
1608111985080 2.198824167251587 3849
1608111992279 2.372741937637329 3899
1608111999531 2.4674019813537598 3949
1608112004819 2.375831127166748 3999
1608112011621 2.319720506668091 4049
1608112018374 2.32889986038208 4099
1608112023317 2.3272862434387207 4149
1608112030123 2.303905963897705 4199
1608112037351 2.6460764408111572 4249
1608112042547 2.5469043254852295 4299
1608112049544 2.2754831314086914 4349
1608112056619 2.2952513694763184 4399
1608112061795 2.547776222229004 4449
1608112068637 2.659353733062744 4499
1608112075725 2.30346941947937 4549
1608112081262 2.262585401535034 4599
1608112088512 2.468273162841797 4649
1608112095722 2.3737175464630127 4699
1608112101297 2.2148330211639404 4749
1608112108639 2.5348575115203857 4799
1608112113959 2.9665801525115967 4849
1608112121019 2.441412925720215 4899
1608112127868 2.4435954093933105 4949
1608112133089 2.7762386798858643 4999
1608112140172 2.1939187049865723 5049
1608112147217 2.790262460708618 5099
1608112152393 2.555652379989624 5149
1608112159116 2.4105093479156494 5199
1608112166031 2.20268177986145 5249
1608112171076 2.2169106006622314 5299
1608112178060 2.332866668701172 5349
1608112184862 2.352966070175171 5399
1608112189941 2.6756949424743652 5449
1608112196713 2.2415497303009033 5499
1608112203258 2.228505849838257 5549
1608112208216 2.6526405811309814 5599
1608112215361 2.6890151500701904 5649
1608112222421 2.2860143184661865 5699
1608112227819 2.4270687103271484 5749
1608112234688 2.195620059967041 5799
1608112239709 2.3737339973449707 5849
