1608096085201 0 49
1608096091964 0 77
1608096096224 1 99
1608096103201 1 149
1608096105811 1 154
1608096112525 2 199
1608096118798 2 231
1608096121814 3 249
1608096128706 3 299
1608096131896 3 308
1608096138164 4 349
1608096145374 4 385
1608096147946 5 399
1608096155093 5 449
1608096158882 5 462
1608096164663 6 499
1608096172301 6 539
1608096174231 7 549
1608096181392 7 599
1608096185748 7 616
1608096190992 8 649
1608096199153 8 693
1608096200414 9 699
1608096207536 9 749
1608096212498 9 770
1608096217196 10 799
1608096226206 10 847
1608096226999 11 849
1608096234419 11 899
1608096240117 11 924
1608096244417 12 949
1608096251978 12 999
1608096254364 12 1001
1608096262394 13 1049
1608096268778 13 1078
1608096272397 14 1099
1608096279803 14 1149
1608096282727 14 1155
1608096289502 15 1199
1608096296262 15 1232
1608096299229 16 1249
1608096306476 16 1299
1608096309832 16 1309
1608096315995 17 1349
1608096323225 17 1386
1608096325614 18 1399
1608096332726 18 1449
1608096336663 18 1463
1608096342378 19 1499
1608096350272 19 1540
1608096352112 20 1549
1608096359628 20 1599
1608096364231 20 1617
1608096369296 21 1649
1608096377690 21 1694
1608096378843 22 1699
1608096385923 22 1749
1608096390974 22 1771
1608096395445 23 1799
1608096404292 23 1848
1608096404931 24 1849
1608096411918 24 1899
1608096417594 24 1925
1608096421448 25 1949
1608096428630 25 1999
1608096431054 25 2002
1608096438193 26 2049
1608096444378 26 2079
1608096447621 27 2099
1608096454815 27 2149
1608096457746 27 2156
1608096464187 28 2199
1608096470892 28 2233
1608096473573 29 2249
1608096480727 29 2299
1608096484199 29 2310
1608096490208 30 2349
1608096497627 30 2387
1608096499876 31 2399
1608096507032 31 2449
1608096511096 31 2464
1608096516604 32 2499
1608096524469 32 2541
1608096526034 33 2549
1608096533241 33 2599
1608096537917 33 2618
1608096542844 34 2649
1608096551385 34 2695
1608096552369 35 2699
1608096559471 35 2749
1608096564670 35 2772
1608096569016 36 2799
1608096576115 36 2849
1608096578067 36 2849
1608096585600 37 2899
1608096591365 37 2926
1608096595084 38 2949
1608096602319 38 2999
1608096604876 38 3003
1608096611924 39 3049
1608096618330 39 3080
1608096621452 40 3099
1608096628593 40 3149
1608096631671 40 3157
1608096638204 41 3199
1608096645036 41 3234
1608096647719 42 3249
1608096654803 42 3299
1608096658446 42 3311
1608096664327 43 3349
1608096671867 43 3388
1608096673906 44 3399
1608096681145 44 3449
1608096685375 44 3465
1608096690695 45 3499
1608096698734 45 3542
1608096700198 46 3549
1608096707459 46 3599
1608096712286 46 3619
1608096716985 47 3649
1608096725714 47 3696
1608096726578 48 3699
1608096733788 48 3749
1608096739149 48 3773
1608096743291 49 3799
1608096750378 49 3849
1608096752477 49 3850
1608096759944 50 3899
1608096765784 50 3927
1608096769318 51 3949
1608096776255 51 3999
1608096778949 51 4004
1608096785770 52 4049
1608096792023 52 4081
1608096794898 53 4099
1608096801523 53 4149
1608096804626 53 4158
1608096810979 54 4199
1608096818237 54 4235
1608096820670 55 4249
1608096827882 55 4299
1608096831659 55 4312
1608096837466 56 4349
1608096845193 56 4389
1608096847055 57 4399
1608096854318 57 4449
1608096858778 57 4466
1608096864002 58 4499
1608096872414 58 4543
1608096873690 59 4549
1608096880565 59 4599
1608096885197 59 4620
1608096889459 60 4649
1608096897881 60 4697
1608096898583 61 4699
1608096905665 61 4749
1608096911157 61 4774
1608096915144 62 4799
1608096922330 62 4849
1608096924644 62 4851
1608096932166 63 4899
1608096938530 63 4928
1608096942090 64 4949
1608096949181 64 4999
1608096951894 64 5005
1608096958438 65 5049
1608096964912 65 5082
1608096967707 66 5099
1608096974704 66 5149
1608096978023 66 5159
1608096984096 67 5199
1608096991250 67 5236
1608096993456 68 5249
1608097000558 68 5299
1608097004515 68 5313
1608097010151 69 5349
1608097018129 69 5390
1608097019846 70 5399
1608097026960 70 5449
1608097031349 70 5467
1608097036357 71 5499
1608097044912 71 5544
1608097046055 72 5549
1608097053089 72 5599
1608097058153 72 5621
1608097062528 73 5649
1608097071411 73 5698
1608097071997 74 5699
1608097078764 74 5749
1608097084033 74 5775
1608097087702 75 5799
1608097094921 75 5849
1608097097344 75 5852
1608097104352 76 5899
1608097110274 76 5929
1608097113367 77 5949
1608097119976 77 5999
1608097122759 77 6006
1608097128988 78 6049
1608097135460 78 6083
1608097137980 79 6099
1608097144492 79 6149
1608097147760 79 6160
1608097153482 80 6199
1608097160667 80 6237
1608097162728 81 6249
1608097169505 81 6299
1608097173411 81 6314
1608097178717 82 6349
1608097186684 82 6391
1608097188187 83 6399
1608097194767 83 6449
1608097199283 83 6468
1608097203799 84 6499
1608097211872 84 6545
1608097212884 85 6549
1608097219510 85 6599
1608097224363 85 6622
1608097228332 86 6649
1608097234747 86 6699
1608097236616 86 6699
1608097244012 87 6749
1608097249624 87 6776
1608097253224 88 6799
1608097260119 88 6849
1608097262545 88 6853
1608097269312 89 6899
1608097275512 89 6930
1608097278593 90 6949
1608097285341 90 6999
1608097288286 90 7007
1608097294490 91 7049
1608097301446 91 7084
1608097303973 92 7099
1608097311059 92 7149
1608097314692 92 7161
1608097320428 93 7199
1608097327810 93 7238
1608097329840 94 7249
1608097336860 94 7299
1608097341000 94 7315
1608097346137 95 7349
1608097353958 95 7392
1608097355410 96 7399
1608097362572 96 7449
1608097367391 96 7469
1608097372097 97 7499
1608097380910 97 7546
1608097381762 98 7549
1608097388694 98 7599
1608097394051 98 7623
1608097398208 99 7649
1608097405040 99 7699
1608097407117 99 7700
1608097414413 100 7749
1608097420132 100 7777
1608097423580 101 7799
1608097430473 101 7849
1608097433070 101 7854
1608097439713 102 7899
1608097445992 102 7931
1608097448900 103 7949
1608097455658 103 7999
1608097458745 103 8008
1608097464771 104 8049
1608097471701 104 8085
1608097474078 105 8099
1608097480716 105 8149
1608097484223 105 8162
1608097489677 106 8199
1608097496797 106 8239
1608097498648 107 8249
1608097505441 107 8299
1608097509590 107 8316
1608097514505 108 8349
1608097522027 108 8393
1608097523237 109 8399
1608097529757 109 8449
1608097534448 109 8470
1608097538761 110 8499
1608097547295 110 8547
1608097548001 111 8549
1608097554899 111 8599
1608097560210 111 8624
1608097564114 112 8649
1608097570927 112 8699
1608097573088 112 8701
1608097580293 113 8749
1608097586131 113 8778
1608097589356 114 8799
1608097596067 114 8849
1608097598663 114 8855
1608097605206 115 8899
1608097611283 115 8932
1608097613990 116 8949
1608097620434 116 8999
1608097623600 116 9009
1608097629604 117 9049
1608097636541 117 9086
1608097638767 118 9099
1608097645692 118 9149
1608097649508 118 9163
1608097654813 119 9199
1608097662393 119 9240
1608097664054 120 9249
1608097670909 120 9299
1608097675165 120 9317
1608097679743 121 9349
1608097687465 121 9394
1608097688565 122 9399
1608097695077 122 9449
1608097699795 122 9471
1608097703886 123 9499
1608097712201 123 9548
1608097712754 124 9549
1608097719416 124 9599
1608097724772 124 9625
1608097728451 125 9649
1608097735326 125 9699
1608097737678 125 9702
1608097744625 126 9749
1608097750651 126 9779
1608097753744 127 9799
1608097760364 127 9849
1608097763057 127 9856
1608097769203 128 9899
1608097775394 128 9933
1608097777901 129 9949
1608097784471 129 9999
1608097787718 129 10010
1608097793171 130 10049
1608097799866 130 10087
1608097801845 131 10099
1608097808688 131 10149
1608097812617 131 10164
1608097817838 132 10199
1608097825075 132 10241
1608097826550 133 10249
1608097832979 133 10299
1608097837234 133 10318
1608097841632 134 10349
1608097849310 134 10395
1608097850256 135 10399
1608097856714 135 10449
1608097861450 135 10472
1608097865392 136 10499
1608097871861 136 10549
1608097873689 136 10549
1608097880587 137 10599
1608097885845 137 10626
1608097889194 138 10649
1608097895615 138 10699
1608097897935 138 10703
1608097904311 139 10749
1608097910034 139 10780
1608097912943 140 10799
1608097919541 140 10849
1608097922508 140 10857
1608097928791 141 10899
1608097935395 141 10934
1608097937948 142 10949
1608097944796 142 10999
1608097948301 142 11011
1608097953863 143 11049
1608097961039 143 11088
1608097962959 144 11099
1608097969721 144 11149
1608097973763 144 11165
1608097978781 145 11199
1608097986436 145 11242
1608097987867 146 11249
1608097994682 146 11299
1608097999303 146 11319
1608098003944 147 11349
1608098012463 147 11396
1608098013291 148 11399
1608098019920 148 11449
1608098024826 148 11473
1608098028635 149 11499
1608098035171 149 11549
1608098037108 149 11550
1608098043846 150 11599
1608098049201 150 11627
1608098052427 151 11649
1608098058850 151 11699
1608098061307 151 11704
1608098067451 152 11749
1608098073381 152 11781
1608098076111 153 11799
1608098082450 153 11849
1608098085406 153 11858
1608098091152 154 11899
1608098097665 154 11935
1608098099967 155 11949
1608098106451 155 11999
1608098109985 155 12012
1608098115356 156 12049
1608098122388 156 12089
1608098124129 157 12099
1608098130598 157 12149
1608098134599 157 12166
1608098139266 158 12199
1608098146777 158 12243
1608098147974 159 12249
1608098154464 159 12299
1608098158986 159 12320
1608098163169 160 12349
1608098171197 160 12397
1608098171879 161 12399
1608098178349 161 12449
1608098183387 161 12474
1608098187009 162 12499
1608098193446 162 12549
1608098195513 162 12551
1608098202065 163 12599
1608098207614 163 12628
1608098210722 164 12649
1608098217270 164 12699
1608098219873 164 12705
1608098226054 165 12749
1608098232086 165 12782
1608098234689 166 12799
1608098241059 166 12849
1608098244139 166 12859
1608098249712 167 12899
1608098256254 167 12936
1608098258355 168 12949
1608098264850 168 12999
1608098268489 168 13013
1608098273652 169 13049
1608098281472 169 13090
1608098283121 170 13099
1608098289725 170 13149
1608098294133 170 13167
1608098298687 171 13199
1608098306286 171 13244
1608098307330 172 13249
1608098313767 172 13299
1608098318425 172 13321
1608098322626 173 13349
1608098330771 173 13398
1608098331325 174 13399
1608098337817 174 13449
1608098342975 174 13475
1608098346513 175 13499
1608098352941 175 13549
1608098355118 175 13552
1608098361683 176 13599
1608098367453 176 13629
1608098370487 177 13649
1608098377003 177 13699
1608098379745 177 13706
1608098385777 178 13749
1608098391954 178 13783
1608098394438 179 13799
1608098400889 179 13849
1608098404138 179 13860
1608098409627 180 13899
1608098416372 180 13937
1608098418325 181 13949
1608098424728 181 13999
1608098428490 181 14014
1608098433428 182 14049
1608098440650 182 14091
1608098442109 183 14099
1608098448560 183 14149
1608098452853 183 14168
1608098457282 184 14199
1608098465041 184 14245
1608098466004 185 14249
1608098472438 185 14299
1608098477203 185 14322
1608098481243 186 14349
1608098487671 186 14399
1608098489465 186 14399
1608098496288 187 14449
1608098501546 187 14476
1608098504897 188 14499
1608098511202 188 14549
1608098513522 188 14553
1608098519832 189 14599
1608098525605 189 14630
1608098528522 190 14649
1608098534864 190 14699
1608098537669 190 14707
1608098543544 191 14749
1608098549866 191 14784
1608098552275 192 14799
1608098558781 192 14849
1608098562128 192 14861
1608098567481 193 14899
1608098574297 193 14938
1608098576132 194 14949
1608098582499 194 14999
1608098586313 194 15015
1608098591095 195 15049
1608098598407 195 15092
1608098599745 196 15099
1608098606149 196 15149
1608098610468 196 15169
1608098614750 197 15199
1608098622669 197 15246
1608098623495 198 15249
1608098629929 198 15299
1608098634817 198 15323
1608098638617 199 15349
1608098644975 199 15399
1608098646910 199 15400
1608098653670 200 15449
1608098658970 200 15477
1608098662195 201 15499
1608098668521 201 15549
1608098671102 201 15554
1608098677284 202 15599
1608098683220 202 15631
1608098685987 203 15649
1608098692464 203 15699
1608098695438 203 15708
1608098701219 204 15749
1608098707725 204 15785
1608098709972 205 15799
1608098716419 205 15849
1608098719837 205 15862
1608098725037 206 15899
1608098732013 206 15939
1608098733756 207 15949
1608098740197 207 15999
1608098744237 207 16016
1608098748856 208 16049
1608098756218 208 16093
1608098757400 209 16099
1608098763771 209 16149
1608098768302 209 16170
1608098772531 210 16199
1608098780436 210 16247
1608098781119 211 16249
1608098787505 211 16299
1608098792560 211 16324
1608098796210 212 16349
1608098802594 212 16399
1608098804640 212 16401
1608098811335 213 16449
1608098816906 213 16478
1608098820067 214 16499
1608098826451 214 16549
1608098829009 214 16555
1608098835175 215 16599
1608098841287 215 16632
1608098843878 216 16649
1608098850222 216 16699
1608098853304 216 16709
1608098858798 217 16749
1608098865528 217 16786
1608098867606 218 16799
1608098874008 218 16849
1608098877621 218 16863
1608098882661 219 16899
1608098889769 219 16940
1608098891361 220 16949
1608098897763 220 16999
1608098901931 220 17017
1608098906477 221 17049
1608098914037 221 17094
1608098915138 222 17099
1608098921615 222 17149
1608098926285 222 17171
1608098930345 223 17199
1608098938465 223 17248
1608098939032 224 17249
1608098945469 224 17299
1608098950596 224 17325
1608098954126 225 17349
1608098960480 225 17399
1608098962674 225 17402
1608098969080 226 17449
1608098974646 226 17479
1608098977669 227 17499
1608098984048 227 17549
1608098986746 227 17556
1608098992741 228 17599
1608098998956 228 17633
1608099001435 229 17649
1608099007817 229 17699
1608099011022 229 17710
1608099016452 230 17749
1608099023138 230 17787
1608099025095 231 17799
1608099031446 231 17849
1608099035185 231 17864
1608099040026 232 17899
1608099047171 232 17941
1608099048642 233 17949
1608099055038 233 17999
1608099059446 233 18018
1608099063917 234 18049
1608099071723 234 18095
1608099072672 235 18099
1608099079098 235 18149
1608099083828 235 18172
1608099087718 236 18199
1608099094111 236 18249
1608099095933 236 18249
1608099102740 237 18299
1608099108031 237 18326
1608099111364 238 18349
1608099117706 238 18399
1608099120042 238 18403
1608099126333 239 18449
1608099132123 239 18480
1608099135008 240 18499
1608099141509 240 18549
1608099144350 240 18557
1608099150145 241 18599
1608099156474 241 18634
1608099158809 242 18649
1608099165247 242 18699
1608099168582 242 18711
1608099173871 243 18749
1608099180678 243 18788
1608099182504 244 18799
1608099189021 244 18849
1608099192909 244 18865
1608099197663 245 18899
1608099204972 245 18942
1608099206281 246 18949
1608099212763 246 18999
1608099217111 246 19019
1608099221375 247 19049
1608099229182 247 19096
1608099229982 248 19099
1608099236465 248 19149
1608099241426 248 19173
1608099245413 249 19199
1608099251875 249 19249
1608099253832 249 19250
1608099260578 250 19299
1608099266061 250 19327
1608099269395 251 19349
1608099276067 251 19399
1608099278532 251 19404
1608099284753 252 19449
1608099290733 252 19481
1608099293543 253 19499
1608099300002 253 19549
1608099302931 253 19558
1608099308569 254 19599
1608099314933 254 19635
1608099317155 255 19649
1608099323398 255 19699
1608099326827 255 19712
1608099331951 256 19749
1608099338812 256 19789
1608099340519 257 19799
1608099346843 257 19849
1608099350808 257 19866
1608099355415 258 19899
1608099362789 258 19943
1608099364006 259 19949
1608099370324 259 19999
1608099374772 259 20020
1608099378849 260 20049
1608099386700 260 20097
1608099387381 261 20099
1608099393674 261 20149
1608099398617 261 20174
1608099402195 262 20199
1608099408538 262 20249
1608099410587 262 20251
1608099417091 263 20299
1608099422752 263 20328
1608099425817 264 20349
1608099432091 264 20399
1608099434643 264 20405
1608099440635 265 20449
1608099446589 265 20482
1608099449157 266 20499
1608099455514 266 20549
1608099458575 266 20559
1608099464179 267 20599
1608099470702 267 20636
1608099472767 268 20649
1608099479201 268 20699
1608099482782 268 20713
1608099487857 269 20749
1608099494829 269 20790
1608099496404 270 20799
1608099502747 270 20849
1608099506791 270 20867
1608099511321 271 20899
1608099518845 271 20944
1608099519888 272 20949
1608099526148 272 20999
1608099530765 272 21021
1608099534811 273 21049
1608099542824 273 21098
1608099543374 274 21099
1608099549756 274 21149
1608099554892 274 21175
1608099558386 275 21199
1608099564748 275 21249
1608099566957 275 21252
1608099573354 276 21299
1608099578935 276 21329
1608099581862 277 21349
1608099588234 277 21399
1608099590942 277 21406
1608099659027 277 21407
