1608096085201 2.1909759044647217 49
1608096096224 1.9908885955810547 99
1608096103201 1.6312099695205688 149
1608096112525 0.9559946656227112 199
1608096121814 1.4945214986801147 249
1608096128706 1.3124161958694458 299
1608096138164 0.9662037491798401 349
1608096147946 0.5638197064399719 399
1608096155093 0.391452819108963 449
1608096164663 0.5768631100654602 499
1608096174231 0.674558699131012 549
1608096181392 0.8634383678436279 599
1608096190992 0.4600527584552765 649
1608096200414 0.4532433748245239 699
1608096207536 0.7332993149757385 749
1608096217196 0.6511766910552979 799
1608096226999 0.25831830501556396 849
1608096234419 0.7088468074798584 899
1608096244417 0.31267818808555603 949
1608096251978 0.5466538071632385 999
1608096262394 0.998436450958252 1049
1608096272397 0.32725268602371216 1099
1608096279803 0.4411559998989105 1149
1608096289502 0.37214338779449463 1199
1608096299229 0.4883139133453369 1249
1608096306476 0.18666312098503113 1299
1608096315995 0.32602256536483765 1349
1608096325614 0.3490317463874817 1399
1608096332726 0.25003740191459656 1449
1608096342378 0.2977741062641144 1499
1608096352112 0.5708060264587402 1549
1608096359628 0.3298904597759247 1599
1608096369296 0.31827855110168457 1649
1608096378843 0.3413282036781311 1699
1608096385923 0.37764546275138855 1749
1608096395445 0.24725031852722168 1799
1608096404931 0.18154531717300415 1849
1608096411918 0.21427462995052338 1899
1608096421448 0.2990638017654419 1949
1608096428630 0.49683091044425964 1999
1608096438193 0.48267069458961487 2049
1608096447621 0.3253980278968811 2099
1608096454815 0.19709499180316925 2149
1608096464187 0.5752331614494324 2199
1608096473573 0.3991548717021942 2249
1608096480727 0.7693515419960022 2299
1608096490208 0.19833533465862274 2349
1608096499876 0.1998390555381775 2399
1608096507032 0.46880167722702026 2449
1608096516604 0.5081096291542053 2499
1608096526034 0.8885642290115356 2549
1608096533241 0.24239319562911987 2599
1608096542844 0.18072818219661713 2649
1608096552369 0.24209430813789368 2699
1608096559471 0.3967132568359375 2749
1608096569016 0.48120319843292236 2799
1608096576115 0.15222464501857758 2849
1608096585600 0.19815181195735931 2899
1608096595084 0.1693086326122284 2949
1608096602319 0.19420883059501648 2999
1608096611924 0.20864273607730865 3049
1608096621452 0.31004855036735535 3099
1608096628593 0.1792445182800293 3149
1608096638204 0.2556050717830658 3199
1608096647719 0.3974599242210388 3249
1608096654803 0.41759979724884033 3299
1608096664327 0.15121686458587646 3349
1608096673906 0.1153852567076683 3399
1608096681145 0.5638311505317688 3449
1608096690695 0.38298073410987854 3499
1608096700198 0.39962995052337646 3549
1608096707459 0.3384372889995575 3599
1608096716985 0.43236449360847473 3649
1608096726578 0.3376100957393646 3699
1608096733788 0.16505391895771027 3749
1608096743291 0.2745307683944702 3799
1608096750378 0.4863956570625305 3849
1608096759944 0.35131457448005676 3899
1608096769318 0.155348002910614 3949
1608096776255 0.3043309450149536 3999
1608096785770 0.1568303108215332 4049
1608096794898 0.5834378004074097 4099
1608096801523 0.36415815353393555 4149
1608096810979 0.40356162190437317 4199
1608096820670 0.2949146032333374 4249
1608096827882 0.21219663321971893 4299
1608096837466 0.3469815254211426 4349
1608096847055 0.3047615885734558 4399
1608096854318 0.4170180559158325 4449
1608096864002 0.2917424738407135 4499
1608096873690 0.2545149326324463 4549
1608096880565 0.39634257555007935 4599
1608096889459 0.36344102025032043 4649
1608096898583 0.1951577365398407 4699
1608096905665 0.2627774775028229 4749
1608096915144 0.12345588952302933 4799
1608096922330 0.2342936098575592 4849
1608096932166 0.5491628646850586 4899
1608096942090 0.3424321413040161 4949
1608096949181 0.20041082799434662 4999
1608096958438 0.19310961663722992 5049
1608096967707 0.3155357837677002 5099
1608096974704 0.1612352728843689 5149
1608096984096 0.2611050307750702 5199
1608096993456 0.1692551225423813 5249
1608097000558 0.2759367823600769 5299
1608097010151 0.23697969317436218 5349
1608097019846 0.38823503255844116 5399
1608097026960 0.271757572889328 5449
1608097036357 0.21959511935710907 5499
1608097046055 0.17624220252037048 5549
1608097053089 0.18759223818778992 5599
1608097062528 0.19870959222316742 5649
1608097071997 0.16098669171333313 5699
1608097078764 0.09901728481054306 5749
1608097087702 0.27417781949043274 5799
1608097094921 0.3397619426250458 5849
1608097104352 0.31259122490882874 5899
1608097113367 0.17759589850902557 5949
1608097119976 0.16326914727687836 5999
1608097128988 0.35942888259887695 6049
1608097137980 0.28397467732429504 6099
1608097144492 0.5655016303062439 6149
1608097153482 0.10585910826921463 6199
1608097162728 0.16319549083709717 6249
1608097169505 0.5330082774162292 6299
1608097178717 0.3344036936759949 6349
1608097188187 0.4338003993034363 6399
1608097194767 0.16176821291446686 6449
1608097203799 0.2575066089630127 6499
1608097212884 0.2239222526550293 6549
1608097219510 0.28359362483024597 6599
1608097228332 0.1805790364742279 6649
1608097234747 0.1482139229774475 6699
1608097244012 0.22371987998485565 6749
1608097253224 0.12181390076875687 6799
1608097260119 0.24060377478599548 6849
1608097269312 0.1890597641468048 6899
1608097278593 0.32416394352912903 6949
1608097285341 0.23759405314922333 6999
1608097294490 0.25719359517097473 7049
1608097303973 0.2099883109331131 7099
1608097311059 0.34489476680755615 7149
1608097320428 0.14759354293346405 7199
1608097329840 0.19269637763500214 7249
1608097336860 0.4596042335033417 7299
1608097346137 0.3654395341873169 7349
1608097355410 0.2916733920574188 7399
1608097362572 0.3227557837963104 7449
1608097372097 0.36313003301620483 7499
1608097381762 0.16927580535411835 7549
1608097388694 0.183356374502182 7599
1608097398208 0.31288015842437744 7649
1608097405040 0.43442124128341675 7699
1608097414413 0.36972492933273315 7749
1608097423580 0.14983023703098297 7799
1608097430473 0.3350033760070801 7849
1608097439713 0.214303120970726 7899
1608097448900 0.37993648648262024 7949
1608097455658 0.24664419889450073 7999
1608097464771 0.28696364164352417 8049
1608097474078 0.19611269235610962 8099
1608097480716 0.2176119089126587 8149
1608097489677 0.22872574627399445 8199
1608097498648 0.23000751435756683 8249
1608097505441 0.35492900013923645 8299
1608097514505 0.20079755783081055 8349
1608097523237 0.196679025888443 8399
1608097529757 0.4483433663845062 8449
1608097538761 0.2784862816333771 8499
1608097548001 0.1058335229754448 8549
1608097554899 0.27692338824272156 8599
1608097564114 0.19232177734375 8649
1608097570927 0.24176006019115448 8699
1608097580293 0.5064398646354675 8749
1608097589356 0.16300107538700104 8799
1608097596067 0.24669939279556274 8849
1608097605206 0.17238397896289825 8899
1608097613990 0.26351362466812134 8949
1608097620434 0.12467910349369049 8999
1608097629604 0.2281978279352188 9049
1608097638767 0.10851657390594482 9099
1608097645692 0.14424578845500946 9149
1608097654813 0.19575899839401245 9199
1608097664054 0.276815265417099 9249
1608097670909 0.1910988688468933 9299
1608097679743 0.19696220755577087 9349
1608097688565 0.22117891907691956 9399
1608097695077 0.19079700112342834 9449
1608097703886 0.2447161227464676 9499
1608097712754 0.15843801200389862 9549
1608097719416 0.18286894261837006 9599
1608097728451 0.15455636382102966 9649
1608097735326 0.26354122161865234 9699
1608097744625 0.26520833373069763 9749
1608097753744 0.16505654156208038 9799
1608097760364 0.16184620559215546 9849
1608097769203 0.321644127368927 9899
1608097777901 0.2750171720981598 9949
1608097784471 0.5128095149993896 9999
1608097793171 0.14062920212745667 10049
1608097801845 0.20084238052368164 10099
1608097808688 0.39017122983932495 10149
1608097817838 0.38599640130996704 10199
1608097826550 0.3335398733615875 10249
1608097832979 0.11916032433509827 10299
1608097841632 0.22606873512268066 10349
1608097850256 0.11158034950494766 10399
1608097856714 0.23973733186721802 10449
1608097865392 0.21983247995376587 10499
1608097871861 0.14006216824054718 10549
1608097880587 0.18916939198970795 10599
1608097889194 0.12271761149168015 10649
1608097895615 0.0929485410451889 10699
1608097904311 0.17066417634487152 10749
1608097912943 0.17668813467025757 10799
1608097919541 0.181809201836586 10849
1608097928791 0.26399487257003784 10899
1608097937948 0.24991732835769653 10949
1608097944796 0.2675187587738037 10999
1608097953863 0.20531554520130157 11049
1608097962959 0.24985530972480774 11099
1608097969721 0.4446725845336914 11149
1608097978781 0.2575205862522125 11199
1608097987867 0.2699039876461029 11249
1608097994682 0.2160654515028 11299
1608098003944 0.31431880593299866 11349
1608098013291 0.2936326265335083 11399
1608098019920 0.12792210280895233 11449
1608098028635 0.26803335547447205 11499
1608098035171 0.451641708612442 11549
1608098043846 0.34305697679519653 11599
1608098052427 0.13475359976291656 11649
1608098058850 0.3244047164916992 11699
1608098067451 0.17716188728809357 11749
1608098076111 0.3633989691734314 11799
1608098082450 0.22094790637493134 11849
1608098091152 0.31310367584228516 11899
1608098099967 0.18880662322044373 11949
1608098106451 0.1894606500864029 11999
1608098115356 0.31199488043785095 12049
1608098124129 0.29875490069389343 12099
1608098130598 0.19055216014385223 12149
1608098139266 0.2128426730632782 12199
1608098147974 0.1835302859544754 12249
1608098154464 0.2520611882209778 12299
1608098163169 0.23725087940692902 12349
1608098171879 0.14472408592700958 12399
1608098178349 0.2905508279800415 12449
1608098187009 0.18279050290584564 12499
1608098193446 0.09714401513338089 12549
1608098202065 0.47017529606819153 12599
1608098210722 0.22937294840812683 12649
1608098217270 0.16045817732810974 12699
1608098226054 0.1403668075799942 12749
1608098234689 0.18258224427700043 12799
1608098241059 0.12056375294923782 12849
1608098249712 0.18160685896873474 12899
1608098258355 0.26366373896598816 12949
1608098264850 0.18270297348499298 12999
1608098273652 0.1598740518093109 13049
1608098283121 0.22888806462287903 13099
1608098289725 0.17041021585464478 13149
1608098298687 0.23797540366649628 13199
1608098307330 0.2132296860218048 13249
1608098313767 0.2646165192127228 13299
1608098322626 0.258529931306839 13349
1608098331325 0.16065309941768646 13399
1608098337817 0.07475575059652328 13449
1608098346513 0.2232416719198227 13499
1608098352941 0.2616118788719177 13549
1608098361683 0.3443783223628998 13599
1608098370487 0.21134726703166962 13649
1608098377003 0.12940046191215515 13699
1608098385777 0.34824663400650024 13749
1608098394438 0.3130803108215332 13799
1608098400889 0.445041298866272 13849
1608098409627 0.16950733959674835 13899
1608098418325 0.13520391285419464 13949
1608098424728 0.3021509349346161 13999
1608098433428 0.2678720951080322 14049
1608098442109 0.42011556029319763 14099
1608098448560 0.17290061712265015 14149
1608098457282 0.2682633697986603 14199
1608098466004 0.22572964429855347 14249
1608098472438 0.24604754149913788 14299
1608098481243 0.24890851974487305 14349
1608098487671 0.14014741778373718 14399
1608098496288 0.1738986223936081 14449
1608098504897 0.17478947341442108 14499
1608098511202 0.11951324343681335 14549
1608098519832 0.09731995314359665 14599
1608098528522 0.26609453558921814 14649
1608098534864 0.13727697730064392 14699
1608098543544 0.15923303365707397 14749
1608098552275 0.23341332376003265 14799
1608098558781 0.19209058582782745 14849
1608098567481 0.15889614820480347 14899
1608098576132 0.12796978652477264 14949
1608098582499 0.30070266127586365 14999
1608098591095 0.2375195175409317 15049
1608098599745 0.12478510290384293 15099
1608098606149 0.2287641167640686 15149
1608098614750 0.23187288641929626 15199
1608098623495 0.14731121063232422 15249
1608098629929 0.1883503943681717 15299
1608098638617 0.14096282422542572 15349
1608098644975 0.3778917193412781 15399
1608098653670 0.2166232317686081 15449
1608098662195 0.15009549260139465 15499
1608098668521 0.27609020471572876 15549
1608098677284 0.09656979143619537 15599
1608098685987 0.397259384393692 15649
1608098692464 0.21101151406764984 15699
1608098701219 0.2674994468688965 15749
1608098709972 0.16420747339725494 15799
1608098716419 0.10519597679376602 15849
1608098725037 0.1606236696243286 15899
1608098733756 0.23566389083862305 15949
1608098740197 0.18209591507911682 15999
1608098748856 0.11005662381649017 16049
1608098757400 0.23301135003566742 16099
1608098763771 0.3047638535499573 16149
1608098772531 0.32918140292167664 16199
1608098781119 0.11042124032974243 16249
1608098787505 0.4409131407737732 16299
1608098796210 0.13314886391162872 16349
1608098802594 0.18257807195186615 16399
1608098811335 0.40114113688468933 16449
1608098820067 0.2306150197982788 16499
1608098826451 0.24991951882839203 16549
1608098835175 0.20501771569252014 16599
1608098843878 0.3012404441833496 16649
1608098850222 0.17742100358009338 16699
1608098858798 0.21860216557979584 16749
1608098867606 0.1403956562280655 16799
1608098874008 0.19834648072719574 16849
1608098882661 0.13497672975063324 16899
1608098891361 0.2808701992034912 16949
1608098897763 0.13895921409130096 16999
1608098906477 0.23197267949581146 17049
1608098915138 0.17703816294670105 17099
1608098921615 0.16821740567684174 17149
1608098930345 0.22129854559898376 17199
1608098939032 0.13788281381130219 17249
1608098945469 0.1149384155869484 17299
1608098954126 0.14063423871994019 17349
1608098960480 0.2530239224433899 17399
1608098969080 0.22677715122699738 17449
1608098977669 0.21640238165855408 17499
1608098984048 0.06449266523122787 17549
1608098992741 0.2049921452999115 17599
1608099001435 0.35533320903778076 17649
1608099007817 0.39263632893562317 17699
1608099016452 0.127812460064888 17749
1608099025095 0.12736612558364868 17799
1608099031446 0.3322382867336273 17849
1608099040026 0.36345380544662476 17899
1608099048642 0.3367651700973511 17949
1608099055038 0.1271386742591858 17999
1608099063917 0.2416771501302719 18049
1608099072672 0.16808930039405823 18099
1608099079098 0.24098710715770721 18149
1608099087718 0.2668837308883667 18199
1608099094111 0.20373481512069702 18249
1608099102740 0.198280468583107 18299
1608099111364 0.06649081408977509 18349
1608099117706 0.13585512340068817 18399
1608099126333 0.10819941759109497 18449
1608099135008 0.21469807624816895 18499
1608099141509 0.17241057753562927 18549
1608099150145 0.18565627932548523 18599
1608099158809 0.30830007791519165 18649
1608099165247 0.1718456745147705 18699
1608099173871 0.09802442044019699 18749
1608099182504 0.15358459949493408 18799
1608099189021 0.3816959261894226 18849
1608099197663 0.26094406843185425 18899
1608099206281 0.2778218686580658 18949
1608099212763 0.17296655476093292 18999
1608099221375 0.30637046694755554 19049
1608099229982 0.2043844759464264 19099
1608099236465 0.13994340598583221 19149
1608099245413 0.23933768272399902 19199
1608099251875 0.36184439063072205 19249
1608099260578 0.22863806784152985 19299
1608099269395 0.18398873507976532 19349
1608099276067 0.29761192202568054 19399
1608099284753 0.11502454429864883 19449
1608099293543 0.40603646636009216 19499
1608099300002 0.28988099098205566 19549
1608099308569 0.16484515368938446 19599
1608099317155 0.2170339971780777 19649
1608099323398 0.22891004383563995 19699
1608099331951 0.22957798838615417 19749
1608099340519 0.2597530484199524 19799
1608099346843 0.18895061314105988 19849
1608099355415 0.1986875981092453 19899
1608099364006 0.12760895490646362 19949
1608099370324 0.2761913537979126 19999
1608099378849 0.2682340145111084 20049
1608099387381 0.11768975853919983 20099
1608099393674 0.2757769227027893 20149
1608099402195 0.08183155208826065 20199
1608099408538 0.20075760781764984 20249
1608099417091 0.3522031903266907 20299
1608099425817 0.19990652799606323 20349
1608099432091 0.22885766625404358 20399
1608099440635 0.12384968250989914 20449
1608099449157 0.1664472371339798 20499
1608099455514 0.1777857095003128 20549
1608099464179 0.1916562169790268 20599
1608099472767 0.17454880475997925 20649
1608099479201 0.11915101110935211 20699
1608099487857 0.2214490920305252 20749
1608099496404 0.3021641969680786 20799
1608099502747 0.21269908547401428 20849
1608099511321 0.15107844769954681 20899
1608099519888 0.2757855951786041 20949
1608099526148 0.11911188811063766 20999
1608099534811 0.15522795915603638 21049
1608099543374 0.1290733367204666 21099
1608099549756 0.09290905296802521 21149
1608099558386 0.23037822544574738 21199
1608099564748 0.2657772898674011 21249
1608099573354 0.3692593574523926 21299
1608099581862 0.34877851605415344 21349
1608099588234 0.10326054692268372 21399
