1608096085201 0.25390625 49
1608096096224 0.34375 99
1608096103201 0.42578125 149
1608096112525 0.7109375 199
1608096121814 0.54296875 249
1608096128706 0.59765625 299
1608096138164 0.6953125 349
1608096147946 0.8203125 399
1608096155093 0.87890625 449
1608096164663 0.7890625 499
1608096174231 0.78515625 549
1608096181392 0.73046875 599
1608096190992 0.8515625 649
1608096200414 0.87109375 699
1608096207536 0.7734375 749
1608096217196 0.78125 799
1608096226999 0.9140625 849
1608096234419 0.7890625 899
1608096244417 0.90625 949
1608096251978 0.82421875 999
1608096262394 0.73828125 1049
1608096272397 0.8984375 1099
1608096279803 0.84765625 1149
1608096289502 0.8828125 1199
1608096299229 0.84375 1249
1608096306476 0.9453125 1299
1608096315995 0.8828125 1349
1608096325614 0.875 1399
1608096332726 0.91796875 1449
1608096342378 0.88671875 1499
1608096352112 0.78125 1549
1608096359628 0.890625 1599
1608096369296 0.8984375 1649
1608096378843 0.890625 1699
1608096385923 0.87109375 1749
1608096395445 0.921875 1799
1608096404931 0.93359375 1849
1608096411918 0.93359375 1899
1608096421448 0.91796875 1949
1608096428630 0.83984375 1999
1608096438193 0.84375 2049
1608096447621 0.890625 2099
1608096454815 0.921875 2149
1608096464187 0.8203125 2199
1608096473573 0.87109375 2249
1608096480727 0.7734375 2299
1608096490208 0.9296875 2349
1608096499876 0.9296875 2399
1608096507032 0.85546875 2449
1608096516604 0.8203125 2499
1608096526034 0.6953125 2549
1608096533241 0.9140625 2599
1608096542844 0.93359375 2649
1608096552369 0.921875 2699
1608096559471 0.87890625 2749
1608096569016 0.828125 2799
1608096576115 0.9459459185600281 2849
1608096585600 0.9296875 2899
1608096595084 0.94140625 2949
1608096602319 0.9296875 2999
1608096611924 0.92578125 3049
1608096621452 0.88671875 3099
1608096628593 0.953125 3149
1608096638204 0.9140625 3199
1608096647719 0.87109375 3249
1608096654803 0.86328125 3299
1608096664327 0.93359375 3349
1608096673906 0.96484375 3399
1608096681145 0.8046875 3449
1608096690695 0.8828125 3499
1608096700198 0.87890625 3549
1608096707459 0.890625 3599
1608096716985 0.85546875 3649
1608096726578 0.890625 3699
1608096733788 0.9453125 3749
1608096743291 0.921875 3799
1608096750378 0.859375 3849
1608096759944 0.87890625 3899
1608096769318 0.96875 3949
1608096776255 0.90234375 3999
1608096785770 0.94140625 4049
1608096794898 0.80859375 4099
1608096801523 0.90625 4149
1608096810979 0.86328125 4199
1608096820670 0.89453125 4249
1608096827882 0.921875 4299
1608096837466 0.87109375 4349
1608096847055 0.890625 4399
1608096854318 0.85546875 4449
1608096864002 0.90234375 4499
1608096873690 0.9296875 4549
1608096880565 0.8828125 4599
1608096889459 0.8984375 4649
1608096898583 0.94140625 4699
1608096905665 0.9296875 4749
1608096915144 0.96875 4799
1608096922330 0.91796875 4849
1608096932166 0.83984375 4899
1608096942090 0.8984375 4949
1608096949181 0.9453125 4999
1608096958438 0.93359375 5049
1608096967707 0.8984375 5099
1608096974704 0.94921875 5149
1608096984096 0.921875 5199
1608096993456 0.9453125 5249
1608097000558 0.91796875 5299
1608097010151 0.9140625 5349
1608097019846 0.87890625 5399
1608097026960 0.91015625 5449
1608097036357 0.92578125 5499
1608097046055 0.94921875 5549
1608097053089 0.9296875 5599
1608097062528 0.9453125 5649
1608097071997 0.94140625 5699
1608097078764 0.96484375 5749
1608097087702 0.90625 5799
1608097094921 0.890625 5849
1608097104352 0.90234375 5899
1608097113367 0.93359375 5949
1608097119976 0.9453125 5999
1608097128988 0.89453125 6049
1608097137980 0.8828125 6099
1608097144492 0.84375 6149
1608097153482 0.96875 6199
1608097162728 0.9375 6249
1608097169505 0.82421875 6299
1608097178717 0.890625 6349
1608097188187 0.86328125 6399
1608097194767 0.95703125 6449
1608097203799 0.921875 6499
1608097212884 0.91015625 6549
1608097219510 0.90625 6599
1608097228332 0.9453125 6649
1608097234747 0.9391891956329346 6699
1608097244012 0.93359375 6749
1608097253224 0.9609375 6799
1608097260119 0.921875 6849
1608097269312 0.9453125 6899
1608097278593 0.89453125 6949
1608097285341 0.90625 6999
1608097294490 0.92578125 7049
1608097303973 0.9375 7099
1608097311059 0.890625 7149
1608097320428 0.94921875 7199
1608097329840 0.9375 7249
1608097336860 0.875 7299
1608097346137 0.8671875 7349
1608097355410 0.90234375 7399
1608097362572 0.8984375 7449
1608097372097 0.8828125 7499
1608097381762 0.9375 7549
1608097388694 0.9375 7599
1608097398208 0.89453125 7649
1608097405040 0.86328125 7699
1608097414413 0.91015625 7749
1608097423580 0.953125 7799
1608097430473 0.875 7849
1608097439713 0.93359375 7899
1608097448900 0.86328125 7949
1608097455658 0.9296875 7999
1608097464771 0.91796875 8049
1608097474078 0.94140625 8099
1608097480716 0.92578125 8149
1608097489677 0.91796875 8199
1608097498648 0.90234375 8249
1608097505441 0.88671875 8299
1608097514505 0.9375 8349
1608097523237 0.9296875 8399
1608097529757 0.8671875 8449
1608097538761 0.91796875 8499
1608097548001 0.96875 8549
1608097554899 0.90625 8599
1608097564114 0.93359375 8649
1608097570927 0.9140625 8699
1608097580293 0.85546875 8749
1608097589356 0.9453125 8799
1608097596067 0.9140625 8849
1608097605206 0.95703125 8899
1608097613990 0.90234375 8949
1608097620434 0.96484375 8999
1608097629604 0.921875 9049
1608097638767 0.9609375 9099
1608097645692 0.9453125 9149
1608097654813 0.9453125 9199
1608097664054 0.91015625 9249
1608097670909 0.94921875 9299
1608097679743 0.94140625 9349
1608097688565 0.92578125 9399
1608097695077 0.9296875 9449
1608097703886 0.91015625 9499
1608097712754 0.953125 9549
1608097719416 0.94140625 9599
1608097728451 0.9453125 9649
1608097735326 0.90234375 9699
1608097744625 0.91796875 9749
1608097753744 0.9609375 9799
1608097760364 0.9453125 9849
1608097769203 0.9140625 9899
1608097777901 0.9140625 9949
1608097784471 0.84375 9999
1608097793171 0.953125 10049
1608097801845 0.94140625 10099
1608097808688 0.8671875 10149
1608097817838 0.8671875 10199
1608097826550 0.8984375 10249
1608097832979 0.95703125 10299
1608097841632 0.9140625 10349
1608097850256 0.94921875 10399
1608097856714 0.93359375 10449
1608097865392 0.92578125 10499
1608097871861 0.9527027010917664 10549
1608097880587 0.9375 10599
1608097889194 0.9609375 10649
1608097895615 0.96484375 10699
1608097904311 0.9609375 10749
1608097912943 0.93359375 10799
1608097919541 0.9296875 10849
1608097928791 0.9140625 10899
1608097937948 0.91015625 10949
1608097944796 0.921875 10999
1608097953863 0.92578125 11049
1608097962959 0.9296875 11099
1608097969721 0.859375 11149
1608097978781 0.9296875 11199
1608097987867 0.92578125 11249
1608097994682 0.9140625 11299
1608098003944 0.890625 11349
1608098013291 0.921875 11399
1608098019920 0.9609375 11449
1608098028635 0.92578125 11499
1608098035171 0.85546875 11549
1608098043846 0.87890625 11599
1608098052427 0.953125 11649
1608098058850 0.89453125 11699
1608098067451 0.9453125 11749
1608098076111 0.90625 11799
1608098082450 0.94140625 11849
1608098091152 0.91015625 11899
1608098099967 0.91796875 11949
1608098106451 0.93359375 11999
1608098115356 0.890625 12049
1608098124129 0.88671875 12099
1608098130598 0.93359375 12149
1608098139266 0.91796875 12199
1608098147974 0.93359375 12249
1608098154464 0.90625 12299
1608098163169 0.921875 12349
1608098171879 0.953125 12399
1608098178349 0.9140625 12449
1608098187009 0.953125 12499
1608098193446 0.96484375 12549
1608098202065 0.8671875 12599
1608098210722 0.9296875 12649
1608098217270 0.9375 12699
1608098226054 0.94921875 12749
1608098234689 0.94140625 12799
1608098241059 0.9453125 12849
1608098249712 0.93359375 12899
1608098258355 0.91015625 12949
1608098264850 0.9375 12999
1608098273652 0.9453125 13049
1608098283121 0.94140625 13099
1608098289725 0.94921875 13149
1608098298687 0.94921875 13199
1608098307330 0.921875 13249
1608098313767 0.921875 13299
1608098322626 0.921875 13349
1608098331325 0.953125 13399
1608098337817 0.98046875 13449
1608098346513 0.92578125 13499
1608098352941 0.921875 13549
1608098361683 0.87890625 13599
1608098370487 0.921875 13649
1608098377003 0.953125 13699
1608098385777 0.91015625 13749
1608098394438 0.91796875 13799
1608098400889 0.85546875 13849
1608098409627 0.953125 13899
1608098418325 0.9453125 13949
1608098424728 0.8984375 13999
1608098433428 0.90234375 14049
1608098442109 0.8828125 14099
1608098448560 0.94140625 14149
1608098457282 0.89453125 14199
1608098466004 0.93359375 14249
1608098472438 0.91015625 14299
1608098481243 0.921875 14349
1608098487671 0.9527027010917664 14399
1608098496288 0.94140625 14449
1608098504897 0.94921875 14499
1608098511202 0.95703125 14549
1608098519832 0.96875 14599
1608098528522 0.91015625 14649
1608098534864 0.94921875 14699
1608098543544 0.9453125 14749
1608098552275 0.93359375 14799
1608098558781 0.92578125 14849
1608098567481 0.9453125 14899
1608098576132 0.9609375 14949
1608098582499 0.8984375 14999
1608098591095 0.91796875 15049
1608098599745 0.96875 15099
1608098606149 0.93359375 15149
1608098614750 0.93359375 15199
1608098623495 0.9609375 15249
1608098629929 0.953125 15299
1608098638617 0.94921875 15349
1608098644975 0.89453125 15399
1608098653670 0.921875 15449
1608098662195 0.9453125 15499
1608098668521 0.8984375 15549
1608098677284 0.96484375 15599
1608098685987 0.88671875 15649
1608098692464 0.9296875 15699
1608098701219 0.92578125 15749
1608098709972 0.93359375 15799
1608098716419 0.96875 15849
1608098725037 0.96484375 15899
1608098733756 0.90625 15949
1608098740197 0.9453125 15999
1608098748856 0.96484375 16049
1608098757400 0.9296875 16099
1608098763771 0.91015625 16149
1608098772531 0.89453125 16199
1608098781119 0.96484375 16249
1608098787505 0.86328125 16299
1608098796210 0.953125 16349
1608098802594 0.921875 16399
1608098811335 0.89453125 16449
1608098820067 0.921875 16499
1608098826451 0.91796875 16549
1608098835175 0.9296875 16599
1608098843878 0.91015625 16649
1608098850222 0.94921875 16699
1608098858798 0.92578125 16749
1608098867606 0.953125 16799
1608098874008 0.9375 16849
1608098882661 0.953125 16899
1608098891361 0.94140625 16949
1608098897763 0.953125 16999
1608098906477 0.92578125 17049
1608098915138 0.94140625 17099
1608098921615 0.9375 17149
1608098930345 0.9296875 17199
1608098939032 0.9609375 17249
1608098945469 0.95703125 17299
1608098954126 0.94921875 17349
1608098960480 0.91015625 17399
1608098969080 0.9140625 17449
1608098977669 0.93359375 17499
1608098984048 0.97265625 17549
1608098992741 0.93359375 17599
1608099001435 0.91015625 17649
1608099007817 0.8828125 17699
1608099016452 0.96875 17749
1608099025095 0.94921875 17799
1608099031446 0.8984375 17849
1608099040026 0.89453125 17899
1608099048642 0.8984375 17949
1608099055038 0.96484375 17999
1608099063917 0.91796875 18049
1608099072672 0.93359375 18099
1608099079098 0.9140625 18149
1608099087718 0.921875 18199
1608099094111 0.9324324131011963 18249
1608099102740 0.9375 18299
1608099111364 0.9765625 18349
1608099117706 0.9375 18399
1608099126333 0.95703125 18449
1608099135008 0.9296875 18499
1608099141509 0.9375 18549
1608099150145 0.92578125 18599
1608099158809 0.91796875 18649
1608099165247 0.9375 18699
1608099173871 0.9609375 18749
1608099182504 0.953125 18799
1608099189021 0.87890625 18849
1608099197663 0.9140625 18899
1608099206281 0.91015625 18949
1608099212763 0.93359375 18999
1608099221375 0.90625 19049
1608099229982 0.93359375 19099
1608099236465 0.9453125 19149
1608099245413 0.92578125 19199
1608099251875 0.875 19249
1608099260578 0.91796875 19299
1608099269395 0.94140625 19349
1608099276067 0.890625 19399
1608099284753 0.9453125 19449
1608099293543 0.875 19499
1608099300002 0.92578125 19549
1608099308569 0.9453125 19599
1608099317155 0.9296875 19649
1608099323398 0.9296875 19699
1608099331951 0.9140625 19749
1608099340519 0.91796875 19799
1608099346843 0.9453125 19849
1608099355415 0.9375 19899
1608099364006 0.953125 19949
1608099370324 0.8984375 19999
1608099378849 0.91015625 20049
1608099387381 0.96484375 20099
1608099393674 0.9140625 20149
1608099402195 0.98046875 20199
1608099408538 0.9296875 20249
1608099417091 0.890625 20299
1608099425817 0.94140625 20349
1608099432091 0.9453125 20399
1608099440635 0.96875 20449
1608099449157 0.9375 20499
1608099455514 0.9375 20549
1608099464179 0.9453125 20599
1608099472767 0.94140625 20649
1608099479201 0.97265625 20699
1608099487857 0.92578125 20749
1608099496404 0.91015625 20799
1608099502747 0.91796875 20849
1608099511321 0.93359375 20899
1608099519888 0.92578125 20949
1608099526148 0.95703125 20999
1608099534811 0.953125 21049
1608099543374 0.94140625 21099
1608099549756 0.97265625 21149
1608099558386 0.9296875 21199
1608099564748 0.91015625 21249
1608099573354 0.89453125 21299
1608099581862 0.890625 21349
1608099588234 0.9609375 21399
