1608104277490 0 49
1608104282842 0 77
1608104286060 1 99
1608104291166 1 149
1608104293214 1 154
1608104298432 2 199
1608104303416 2 231
1608104305745 3 249
1608104311059 3 299
1608104313594 3 308
1608104318266 4 349
1608104323561 4 385
1608104325435 5 399
1608104330786 5 449
1608104333644 5 462
1608104337822 6 499
1608104343508 6 539
1608104344844 7 549
1608104349971 7 599
1608104353270 7 616
1608104357237 8 649
1608104363618 8 693
1608104364584 9 699
1608104370009 9 749
1608104373826 9 770
1608104377215 10 799
1608104383741 10 847
1608104384263 11 849
1608104389349 11 899
1608104393383 11 924
1608104396227 12 949
1608104401505 12 999
1608104403273 12 1001
1608104408594 13 1049
1608104413382 13 1078
1608104415931 14 1099
1608104421058 14 1149
1608104423341 14 1155
1608104428198 15 1199
1608104433097 15 1232
1608104435272 16 1249
1608104440513 16 1299
1608104443092 16 1309
1608104447569 17 1349
1608104452972 17 1386
1608104454600 18 1399
1608104460003 18 1449
1608104463052 18 1463
1608104467001 19 1499
1608104472627 19 1540
1608104473869 20 1549
1608104479143 20 1599
1608104482533 20 1617
1608104486276 21 1649
1608104492545 21 1694
1608104493371 22 1699
1608104498496 22 1749
1608104502238 22 1771
1608104505343 23 1799
1608104511727 23 1848
1608104512151 24 1849
1608104517152 24 1899
1608104521389 24 1925
1608104524235 25 1949
1608104529412 25 1999
1608104531255 25 2002
1608104536368 26 2049
1608104540930 26 2079
1608104543206 27 2099
1608104548421 27 2149
1608104550756 27 2156
1608104555623 28 2199
1608104560611 28 2233
1608104562513 29 2249
1608104567732 29 2299
1608104570479 29 2310
1608104574852 30 2349
1608104580516 30 2387
1608104582099 31 2399
1608104587274 31 2449
1608104590303 31 2464
1608104594276 32 2499
1608104600002 32 2541
1608104601109 33 2549
1608104606077 33 2599
1608104609524 33 2618
1608104613016 34 2649
1608104619157 34 2695
1608104619861 35 2699
1608104624982 35 2749
1608104628853 35 2772
1608104631943 36 2799
1608104636917 36 2849
1608104638488 36 2849
1608104643753 37 2899
1608104647987 37 2926
1608104650651 38 2949
1608104655520 38 2999
1608104657447 38 3003
1608104662378 39 3049
1608104667229 39 3080
1608104669519 40 3099
1608104674489 40 3149
1608104676973 40 3157
1608104681761 41 3199
1608104686784 41 3234
1608104688631 42 3249
1608104693658 42 3299
1608104696340 42 3311
1608104700531 43 3349
1608104706041 43 3388
1608104707510 44 3399
1608104712610 44 3449
1608104715680 44 3465
1608104719374 45 3499
1608104725208 45 3542
1608104726217 46 3549
1608104731159 46 3599
1608104734626 46 3619
1608104737979 47 3649
1608104744240 47 3696
1608104744851 48 3699
1608104749760 48 3749
1608104753603 48 3773
1608104756538 49 3799
1608104761400 49 3849
1608104763038 49 3850
1608104768417 50 3899
1608104772917 50 3927
1608104775490 51 3949
1608104780779 51 3999
1608104782879 51 4004
1608104787973 52 4049
1608104793050 52 4081
1608104795299 53 4099
1608104800701 53 4149
1608104803244 53 4158
1608104807909 54 4199
1608104813124 54 4235
1608104814885 55 4249
1608104820122 55 4299
1608104822977 55 4312
1608104827252 56 4349
1608104832999 56 4389
1608104834375 57 4399
1608104839720 57 4449
1608104843065 57 4466
1608104847047 58 4499
1608104853252 58 4543
1608104854211 59 4549
1608104859677 59 4599
1608104863467 59 4620
1608104866870 60 4649
1608104873251 60 4697
1608104873774 61 4699
1608104879074 61 4749
1608104883229 61 4774
1608104886165 62 4799
1608104891306 62 4849
1608104893039 62 4851
1608104898446 63 4899
1608104903136 63 4928
1608104905731 64 4949
1608104910977 64 4999
1608104913177 64 5005
1608104918079 65 5049
1608104923139 65 5082
1608104925281 66 5099
1608104930440 66 5149
1608104933039 66 5159
1608104937548 67 5199
1608104942902 67 5236
1608104944607 68 5249
1608104950080 68 5299
1608104953167 68 5313
1608104957321 69 5349
1608104963181 69 5390
1608104964443 70 5399
1608104969807 70 5449
1608104973136 70 5467
1608104976906 71 5499
1608104982989 71 5544
1608104983801 72 5549
1608104988928 72 5599
1608104992676 72 5621
1608104995759 73 5649
1608105002007 73 5698
1608105002418 74 5699
1608105007535 74 5749
1608105011662 74 5775
1608105014424 75 5799
1608105019439 75 5849
1608105021253 75 5852
1608105026150 76 5899
1608105030616 76 5929
1608105032906 77 5949
1608105037883 77 5999
1608105040094 77 6006
1608105044771 78 6049
1608105049684 78 6083
1608105051593 79 6099
1608105056590 79 6149
1608105059228 79 6160
1608105063401 80 6199
1608105068677 80 6237
1608105070157 81 6249
1608105075094 81 6299
1608105078041 81 6314
1608105081769 82 6349
1608105087337 82 6391
1608105088465 83 6399
1608105093442 83 6449
1608105096756 83 6468
1608105100105 84 6499
1608105106083 84 6545
1608105106777 85 6549
1608105111806 85 6599
1608105115680 85 6622
1608105118713 86 6649
1608105123594 86 6699
1608105125090 86 6699
1608105130613 87 6749
1608105135228 87 6776
1608105137994 88 6799
1608105143420 88 6849
1608105145417 88 6853
1608105150681 89 6899
1608105155391 89 6930
1608105157572 90 6949
1608105162595 90 6999
1608105164997 90 7007
1608105169559 91 7049
1608105174599 91 7084
1608105176413 92 7099
1608105181468 92 7149
1608105184322 92 7161
1608105188766 93 7199
1608105194448 93 7238
1608105195993 94 7249
1608105201370 94 7299
1608105204633 94 7315
1608105208581 95 7349
1608105214694 95 7392
1608105215714 96 7399
1608105220936 96 7449
1608105224609 96 7469
1608105228005 97 7499
1608105234330 97 7546
1608105234947 98 7549
1608105240245 98 7599
1608105244325 98 7623
1608105247331 99 7649
1608105252799 99 7699
1608105254472 99 7700
1608105260180 100 7749
1608105264634 100 7777
1608105267115 101 7799
1608105272198 101 7849
1608105274231 101 7854
1608105279281 102 7899
1608105284191 102 7931
1608105286387 103 7949
1608105291338 103 7999
1608105293722 103 8008
1608105298039 104 8049
1608105303072 104 8085
1608105304747 105 8099
1608105309796 105 8149
1608105312883 105 8162
1608105317335 106 8199
1608105322972 106 8239
1608105324311 107 8249
1608105329504 107 8299
1608105332738 107 8316
1608105336403 108 8349
1608105342317 108 8393
1608105343212 109 8399
1608105348209 109 8449
1608105351848 109 8470
1608105355068 110 8499
1608105361519 110 8547
1608105362045 111 8549
1608105367157 111 8599
1608105371161 111 8624
1608105373979 112 8649
1608105379077 112 8699
1608105380805 112 8701
1608105385998 113 8749
1608105390293 113 8778
1608105392710 114 8799
1608105397692 114 8849
1608105399867 114 8855
1608105404658 115 8899
1608105409562 115 8932
1608105411593 116 8949
1608105416631 116 8999
1608105419133 116 9009
1608105423401 117 9049
1608105428546 117 9086
1608105430156 118 9099
1608105435172 118 9149
1608105438060 118 9163
1608105441958 119 9199
1608105447601 119 9240
1608105448874 120 9249
1608105454179 120 9299
1608105457576 120 9317
1608105461279 121 9349
1608105467646 121 9394
1608105468523 122 9399
1608105473831 122 9449
1608105477803 122 9471
1608105481047 123 9499
1608105487763 123 9548
1608105488165 124 9549
1608105493297 124 9599
1608105497472 124 9625
1608105500441 125 9649
1608105505804 125 9699
1608105507658 125 9702
1608105512917 126 9749
1608105517570 126 9779
1608105519969 127 9799
1608105524953 127 9849
1608105527152 127 9856
1608105531691 128 9899
1608105536746 128 9933
1608105538741 129 9949
1608105543862 129 9999
1608105546563 129 10010
1608105551466 130 10049
1608105557123 130 10087
1608105558671 131 10099
1608105563839 131 10149
1608105566884 131 10164
1608105570831 132 10199
1608105576454 132 10241
1608105577597 133 10249
1608105582616 133 10299
1608105586106 133 10318
1608105589592 134 10349
1608105595827 134 10395
1608105596569 135 10399
1608105601772 135 10449
1608105605789 135 10472
1608105608897 136 10499
1608105614055 136 10549
1608105615628 136 10549
1608105621189 137 10599
1608105625528 137 10626
1608105628529 138 10649
1608105633963 138 10699
1608105636020 138 10703
1608105641687 139 10749
1608105646591 139 10780
1608105648909 140 10799
1608105654004 140 10849
1608105656287 140 10857
1608105661154 141 10899
1608105666209 141 10934
1608105668104 142 10949
1608105673231 142 10999
1608105675972 142 11011
1608105680147 143 11049
1608105685713 143 11088
1608105687150 144 11099
1608105692157 144 11149
1608105695263 144 11165
1608105699058 145 11199
1608105704936 145 11242
1608105705975 146 11249
1608105711196 146 11299
1608105714799 146 11319
1608105718266 147 11349
1608105724612 147 11396
1608105725238 148 11399
1608105730243 148 11449
1608105734204 148 11473
1608105737195 149 11499
1608105742371 149 11549
1608105744071 149 11550
1608105749584 150 11599
1608105753952 150 11627
1608105756518 151 11649
1608105761494 151 11699
1608105763483 151 11704
1608105768099 152 11749
1608105772548 152 11781
1608105774669 153 11799
1608105779649 153 11849
1608105782056 153 11858
1608105786620 154 11899
1608105791728 154 11935
1608105793456 155 11949
1608105798510 155 11999
1608105801360 155 12012
1608105805562 156 12049
1608105811010 156 12089
1608105812420 157 12099
1608105817697 157 12149
1608105821072 157 12166
1608105825034 158 12199
1608105831399 158 12243
1608105832375 159 12249
1608105837682 159 12299
1608105841340 159 12320
1608105844672 160 12349
1608105851359 160 12397
1608105851907 161 12399
1608105857074 161 12449
1608105861106 161 12474
1608105863914 162 12499
1608105869079 162 12549
1608105870840 162 12551
1608105876046 163 12599
1608105880465 163 12628
1608105882894 164 12649
1608105887943 164 12699
1608105890060 164 12705
1608105894881 165 12749
1608105899695 165 12782
1608105901695 166 12799
1608105906672 166 12849
1608105909225 166 12859
1608105913609 167 12899
1608105918729 167 12936
1608105920367 168 12949
1608105925331 168 12999
1608105928293 168 13013
1608105932562 169 13049
1608105938656 169 13090
1608105939920 170 13099
1608105945375 170 13149
1608105948856 170 13167
1608105952568 171 13199
1608105958963 171 13244
1608105959782 172 13249
1608105965022 172 13299
1608105968747 172 13321
1608105971804 173 13349
1608105978287 173 13398
1608105978704 174 13399
1608105984175 174 13449
1608105988868 174 13475
1608105991705 175 13499
1608105996894 175 13549
1608105998709 175 13552
1608106004053 176 13599
1608106009025 176 13629
1608106011548 177 13649
1608106016894 177 13699
1608106019145 177 13706
1608106023944 178 13749
1608106029060 178 13783
1608106031005 179 13799
1608106036111 179 13849
1608106038806 179 13860
1608106043163 180 13899
1608106048746 180 13937
1608106050330 181 13949
1608106055486 181 13999
1608106058516 181 14014
1608106062491 182 14049
1608106068442 182 14091
1608106069556 183 14099
1608106074625 183 14149
1608106078168 183 14168
1608106081774 184 14199
1608106088077 184 14245
1608106088811 185 14249
1608106094037 185 14299
1608106097964 185 14322
1608106101183 186 14349
1608106106439 186 14399
1608106108004 186 14399
1608106113962 187 14449
1608106118776 187 14476
1608106121712 188 14499
1608106127173 188 14549
1608106129267 188 14553
1608106134643 189 14599
1608106139878 189 14630
1608106142192 190 14649
1608106147516 190 14699
1608106150048 190 14707
1608106154887 191 14749
1608106160260 191 14784
1608106162173 192 14799
1608106167368 192 14849
1608106170154 192 14861
1608106174482 193 14899
1608106180187 193 14938
1608106181719 194 14949
1608106187100 194 14999
1608106190370 194 15015
1608106194357 195 15049
1608106200349 195 15092
1608106201369 196 15099
1608106206622 196 15149
1608106210515 196 15169
1608106213941 197 15199
1608106220415 197 15246
1608106221083 198 15249
1608106226518 198 15299
1608106230665 198 15323
1608106233780 199 15349
1608106238958 199 15399
1608106240789 199 15400
1608106246905 200 15449
1608106251504 200 15477
1608106254190 201 15499
1608106259495 201 15549
1608106261642 201 15554
1608106266790 202 15599
1608106271738 202 15631
1608106274015 203 15649
1608106279356 203 15699
1608106281878 203 15708
1608106286536 204 15749
1608106291849 204 15785
1608106293711 205 15799
1608106299257 205 15849
1608106302137 205 15862
1608106306347 206 15899
1608106312211 206 15939
1608106313592 207 15949
1608106319036 207 15999
1608106322459 207 16016
1608106326328 208 16049
1608106332635 208 16093
1608106333627 209 16099
1608106339066 209 16149
1608106342890 209 16170
1608106346249 210 16199
1608106352715 210 16247
1608106353241 211 16249
1608106358529 211 16299
1608106362694 211 16324
1608106365719 212 16349
1608106371321 212 16399
1608106373177 212 16401
1608106378627 213 16449
1608106383245 213 16478
1608106385911 214 16499
1608106391318 214 16549
1608106393544 214 16555
1608106398658 215 16599
1608106403668 215 16632
1608106405762 216 16649
1608106411041 216 16699
1608106413606 216 16709
1608106418229 217 16749
1608106423682 217 16786
1608106425360 218 16799
1608106430586 218 16849
1608106433687 218 16863
1608106438055 219 16899
1608106444102 219 16940
1608106445422 220 16949
1608106450797 220 16999
1608106454360 220 17017
1608106457894 221 17049
1608106464370 221 17094
1608106465204 222 17099
1608106470444 222 17149
1608106474513 222 17171
1608106477821 223 17199
1608106484556 223 17248
1608106484977 224 17249
1608106490289 224 17299
1608106494472 224 17325
1608106497296 225 17349
1608106502468 225 17399
1608106504363 225 17402
1608106509492 226 17449
1608106514085 226 17479
1608106516510 227 17499
1608106521772 227 17549
1608106524039 227 17556
1608106528886 228 17599
1608106534104 228 17633
1608106536144 229 17649
1608106541473 229 17699
1608106544183 229 17710
1608106548631 230 17749
1608106554248 230 17787
1608106555857 231 17799
1608106561137 231 17849
1608106564345 231 17864
1608106568524 232 17899
1608106574493 232 17941
1608106575642 233 17949
1608106580759 233 17999
1608106584339 233 18018
1608106588042 234 18049
1608106594674 234 18095
1608106595449 235 18099
1608106600733 235 18149
1608106604478 235 18172
1608106607483 236 18199
1608106612519 236 18249
1608106614028 236 18249
1608106619355 237 18299
1608106623521 237 18326
1608106626360 238 18349
1608106631357 238 18399
1608106633294 238 18403
1608106638375 239 18449
1608106643033 239 18480
1608106645298 240 18499
1608106650437 240 18549
1608106652762 240 18557
1608106657361 241 18599
1608106662444 241 18634
1608106664306 242 18649
1608106669523 242 18699
1608106672265 242 18711
1608106676500 243 18749
1608106681931 243 18788
1608106683321 244 18799
1608106688475 244 18849
1608106691671 244 18865
1608106695534 245 18899
1608106701367 245 18942
1608106702387 246 18949
1608106707697 246 18999
1608106711334 246 19019
1608106714820 247 19049
1608106721597 247 19096
1608106722255 248 19099
1608106727484 248 19149
1608106731578 248 19173
1608106734688 249 19199
1608106740047 249 19249
1608106741782 249 19250
1608106747351 250 19299
1608106751662 250 19327
1608106754311 251 19349
1608106759376 251 19399
1608106761409 251 19404
1608106766410 252 19449
1608106771205 252 19481
1608106773390 253 19499
1608106778485 253 19549
1608106780940 253 19558
1608106785671 254 19599
1608106790986 254 19635
1608106792715 255 19649
1608106797939 255 19699
1608106800827 255 19712
1608106804989 256 19749
1608106810654 256 19789
1608106811981 257 19799
1608106817061 257 19849
1608106820301 257 19866
1608106823964 258 19899
1608106830081 258 19943
1608106831070 259 19949
1608106836514 259 19999
1608106840343 259 20020
1608106843799 260 20049
1608106850239 260 20097
1608106850768 261 20099
1608106855788 261 20149
1608106859769 261 20174
1608106862631 262 20199
1608106867619 262 20249
1608106869436 262 20251
1608106874912 263 20299
1608106879363 263 20328
1608106881800 264 20349
1608106886939 264 20399
1608106889189 264 20405
1608106894254 265 20449
1608106899234 265 20482
1608106901356 266 20499
1608106906892 266 20549
1608106909552 266 20559
1608106914147 267 20599
1608106919789 267 20636
1608106921454 268 20649
1608106926934 268 20699
1608106929979 268 20713
1608106934072 269 20749
1608106939952 269 20790
1608106941209 270 20799
1608106946535 270 20849
1608106950066 270 20867
1608106953816 271 20899
1608106960254 271 20944
1608106961094 272 20949
1608106966405 272 20999
1608106970122 272 21021
1608106973223 273 21049
1608106979679 273 21098
1608106980101 274 21099
1608106985389 274 21149
1608106989586 274 21175
1608106992433 275 21199
1608106997593 275 21249
1608106999531 275 21252
1608107004823 276 21299
1608107009344 276 21329
1608107011679 277 21349
1608107016793 277 21399
1608107018997 277 21406
1608107024090 278 21449
1608107029404 278 21483
1608107031477 279 21499
1608107036781 279 21549
1608107039359 279 21560
1608107043672 280 21599
1608107049158 280 21637
1608107050715 281 21649
1608107055903 281 21699
1608107058950 281 21714
1608107062906 282 21749
1608107069080 282 21791
1608107070255 283 21799
1608107075492 283 21849
1608107079137 283 21868
1608107082767 284 21899
1608107089209 284 21945
1608107089963 285 21949
1608107095368 285 21999
1608107099419 285 22022
1608107102755 286 22049
1608107108175 286 22099
1608107109773 286 22099
1608107115391 287 22149
1608107119686 287 22176
1608107122350 288 22199
1608107127383 288 22249
1608107129338 288 22253
1608107134417 289 22299
1608107139060 289 22330
1608107141346 290 22349
1608107146501 290 22399
1608107148832 290 22407
1608107153410 291 22449
1608107158397 291 22484
1608107160254 292 22499
1608107165395 292 22549
1608107168114 292 22561
1608107172383 293 22599
1608107177809 293 22638
1608107179231 294 22649
1608107184311 294 22699
1608107187453 294 22715
1608107191257 295 22749
1608107197043 295 22792
1608107198068 296 22799
1608107202988 296 22849
1608107206479 296 22869
1608107209799 297 22899
1608107215934 297 22946
1608107216548 298 22949
1608107221505 298 22999
1608107225468 298 23023
1608107228430 299 23049
1608107233455 299 23099
1608107235081 299 23100
1608107240280 300 23149
1608107244539 300 23177
1608107247130 301 23199
1608107252145 301 23249
1608107254138 301 23254
1608107258985 302 23299
1608107263693 302 23331
1608107265792 303 23349
1608107270750 303 23399
1608107273120 303 23408
1608107277517 304 23449
1608107282643 304 23485
1608107284377 305 23499
1608107289425 305 23549
1608107292138 305 23562
1608107296211 306 23599
1608107301849 306 23639
1608107303139 307 23649
1608107308496 307 23699
1608107311913 307 23716
1608107315651 308 23749
1608107321498 308 23793
1608107322407 309 23799
1608107327466 309 23849
1608107331159 309 23870
1608107334556 310 23899
1608107341011 310 23947
1608107341529 311 23949
1608107346585 311 23999
1608107350696 311 24024
1608107353640 312 24049
1608107358694 312 24099
1608107360424 312 24101
1608107365647 313 24149
1608107370284 313 24178
1608107372861 314 24199
1608107378037 314 24249
1608107380233 314 24255
1608107385042 315 24299
1608107390043 315 24332
1608107392072 316 24349
1608107397292 316 24399
1608107399899 316 24409
1608107404407 317 24449
1608107409871 317 24486
1608107411585 318 24499
1608107416981 318 24549
1608107419967 318 24563
1608107424189 319 24599
1608107430043 319 24640
1608107431320 320 24649
1608107436475 320 24699
1608107439910 320 24717
1608107443517 321 24749
1608107449642 321 24794
1608107450457 322 24799
1608107455592 322 24849
1608107459481 322 24871
1608107462669 323 24899
1608107469187 323 24948
1608107469609 324 24949
1608107474989 324 24999
1608107479383 324 25025
1608107482279 325 25049
1608107487566 325 25099
1608107489509 325 25102
1608107494921 326 25149
1608107499628 326 25179
1608107501960 327 25199
1608107507012 327 25249
1608107509282 327 25256
1608107513989 328 25299
1608107519154 328 25333
1608107521331 329 25349
1608107526981 329 25399
1608107529802 329 25410
1608107534331 330 25449
1608107539952 330 25487
1608107541658 331 25499
1608107546882 331 25549
1608107550002 331 25564
1608107553995 332 25599
1608107559865 332 25641
1608107561005 333 25649
1608107566050 333 25699
1608107569503 333 25718
1608107573210 334 25749
1608107579896 334 25795
1608107580677 335 25799
1608107586132 335 25849
1608107590293 335 25872
1608107593305 336 25899
1608107598316 336 25949
1608107599852 336 25949
1608107605284 337 25999
1608107609855 337 26026
1608107612661 338 26049
1608107618237 338 26099
1608107620372 338 26103
1608107625905 339 26149
1608107630720 339 26180
1608107632996 340 26199
1608107638115 340 26249
1608107640594 340 26257
1608107645435 341 26299
1608107651084 341 26334
1608107653027 342 26349
1608107658516 342 26399
1608107661417 342 26411
1608107665895 343 26449
1608107671673 343 26488
1608107673252 344 26499
1608107678956 344 26549
1608107682396 344 26565
1608107686441 345 26599
1608107692678 345 26642
1608107693744 346 26649
1608107698812 346 26699
1608107702352 346 26719
1608107706045 347 26749
1608107712911 347 26796
1608107713564 348 26799
1608107718983 348 26849
1608107723040 348 26873
1608107726146 349 26899
1608107731422 349 26949
1608107733159 349 26950
1608107738784 350 26999
1608107743376 350 27027
1608107746098 351 27049
1608107751450 351 27099
1608107753617 351 27104
1608107758705 352 27149
1608107763862 352 27181
1608107766141 353 27199
1608107771696 353 27249
1608107774304 353 27258
1608107779130 354 27299
1608107784840 354 27335
1608107786704 355 27349
1608107792100 355 27399
1608107795130 355 27412
1608107799434 356 27449
1608107805537 356 27489
1608107806921 357 27499
1608107812367 357 27549
1608107815826 357 27566
1608107819730 358 27599
1608107825829 358 27643
1608107826739 359 27649
1608107832103 359 27699
1608107835955 359 27720
1608107839540 360 27749
1608107846386 360 27797
1608107846905 361 27799
1608107851924 361 27849
1608107855938 361 27874
1608107858992 362 27899
1608107864405 362 27949
1608107866288 362 27951
1608107871778 363 27999
1608107876477 363 28028
1608107879071 364 28049
1608107884470 364 28099
1608107886685 364 28105
1608107891701 365 28149
1608107896956 365 28182
1608107899241 366 28199
1608107904990 366 28249
1608107907756 366 28259
1608107912552 367 28299
1608107917900 367 28336
1608107919529 368 28349
1608107924554 368 28399
1608107927744 368 28413
1608107931895 369 28449
1608107937886 369 28490
1608107939183 370 28499
1608107944512 370 28549
1608107948000 370 28567
1608107951683 371 28599
1608107958082 371 28644
1608107958937 372 28649
1608107964393 372 28699
1608107968441 372 28721
1608107971873 373 28749
1608107978799 373 28798
1608107979238 374 28799
1608107984639 374 28849
1608107989137 374 28875
1608107992040 375 28899
1608107997197 375 28949
1608107999102 375 28952
1608108004514 376 28999
1608108009451 376 29029
1608108011942 377 29049
1608108017459 377 29099
1608108019882 377 29106
1608108024813 378 29149
1608108030147 378 29183
1608108032101 379 29199
1608108037345 379 29249
1608108040132 379 29260
1608108044535 380 29299
1608108050329 380 29337
1608108051944 381 29349
1608108057414 381 29399
1608108060604 381 29414
1608108064557 382 29449
1608108070630 382 29491
1608108071792 383 29499
1608108077089 383 29549
1608108080554 383 29568
1608108084277 384 29599
1608108090581 384 29645
1608108091322 385 29649
1608108096550 385 29699
1608108100643 385 29722
1608108103775 386 29749
1608108108812 386 29799
1608108110350 386 29799
1608108116129 387 29849
1608108120578 387 29876
1608108123473 388 29899
1608108128859 388 29949
1608108130887 388 29953
1608108136251 389 29999
1608108141199 389 30030
1608108143686 390 30049
1608108149199 390 30099
1608108151698 390 30107
1608108156529 391 30149
1608108161757 391 30184
1608108163606 392 30199
1608108168783 392 30249
1608108171676 392 30261
1608108176225 393 30299
1608108182142 393 30338
1608108183661 394 30349
1608108189133 394 30399
1608108192556 394 30415
1608108196593 395 30449
1608108202803 395 30492
1608108203882 396 30499
1608108209613 396 30549
1608108213393 396 30569
1608108216956 397 30599
1608108223804 397 30646
1608108224417 398 30649
1608108229545 398 30699
1608108233676 398 30723
1608108236831 399 30749
1608108242273 399 30799
1608108244072 399 30800
1608108249793 400 30849
1608108254379 400 30877
1608108257072 401 30899
1608108262341 401 30949
1608108264535 401 30954
1608108269881 402 30999
1608108274873 402 31031
1608108277144 403 31049
1608108282561 403 31099
1608108285117 403 31108
1608108289918 404 31149
1608108295257 404 31185
1608108297028 405 31199
1608108302172 405 31249
1608108305182 405 31262
1608108309561 406 31299
1608108315524 406 31339
1608108316921 407 31349
1608108322366 407 31399
1608108325585 407 31416
1608108329291 408 31449
1608108335986 408 31493
1608108336948 409 31499
1608108342385 409 31549
1608108346341 409 31570
1608108349880 410 31599
1608108356277 410 31647
1608108356798 411 31649
1608108362091 411 31699
1608108366331 411 31724
1608108369460 412 31749
1608108374944 412 31799
1608108376791 412 31801
1608108382399 413 31849
1608108387207 413 31878
1608108389778 414 31899
1608108395230 414 31949
1608108397512 414 31955
1608108402644 415 31999
1608108407793 415 32032
1608108409830 416 32049
1608108415223 416 32099
1608108417794 416 32109
1608108422248 417 32149
1608108427780 417 32186
1608108429509 418 32199
1608108434913 418 32249
1608108438001 418 32263
1608108442080 419 32299
1608108447960 419 32340
1608108449263 420 32349
1608108454560 420 32399
1608108458129 420 32417
1608108461916 421 32449
1608108468273 421 32494
1608108469126 422 32499
1608108474582 422 32549
1608108478590 422 32571
1608108481917 423 32599
1608108488456 423 32648
1608108488874 424 32649
1608108494065 424 32699
1608108498460 424 32725
1608108501307 425 32749
1608108506425 425 32799
1608108508427 425 32802
1608108513667 426 32849
1608108518403 426 32879
1608108520791 427 32899
1608108526119 427 32949
1608108528438 427 32956
1608108533557 428 32999
1608108538903 428 33033
1608108540995 429 33049
1608108546295 429 33099
1608108549103 429 33110
1608108553744 430 33149
1608108559442 430 33187
1608108561032 431 33199
1608108566411 431 33249
1608108569687 431 33264
1608108573815 432 33299
1608108580148 432 33341
1608108581390 433 33349
1608108586821 433 33399
1608108590531 433 33418
1608108594174 434 33449
1608108600438 434 33495
1608108601181 435 33499
1608108606470 435 33549
1608108610693 435 33572
1608108613916 436 33599
1608108619325 436 33649
1608108620939 436 33649
1608108626637 437 33699
1608108631062 437 33726
1608108633875 438 33749
1608108639176 438 33799
1608108641175 438 33803
1608108646522 439 33849
1608108651406 439 33880
1608108653771 440 33899
1608108659099 440 33949
1608108661584 440 33957
1608108666355 441 33999
1608108671803 441 34034
1608108673705 442 34049
1608108678972 442 34099
1608108681781 442 34111
1608108686243 443 34149
1608108692018 443 34188
1608108693547 444 34199
1608108699078 444 34249
1608108702348 444 34265
1608108706313 445 34299
1608108712389 445 34342
1608108713443 446 34349
1608108718782 446 34399
1608108722532 446 34419
1608108726027 447 34449
1608108732416 447 34496
1608108733071 448 34499
1608108738401 448 34549
1608108742720 448 34573
1608108745844 449 34599
1608108751155 449 34649
1608108752941 449 34650
1608108758629 450 34699
1608108763247 450 34727
1608108766071 451 34749
1608108771409 451 34799
1608108773597 451 34804
1608108778702 452 34849
1608108783798 452 34881
1608108786058 453 34899
1608108791324 453 34949
1608108793864 453 34958
1608108798498 454 34999
1608108803422 454 35035
1608108805289 455 35049
1608108810297 455 35099
1608108813098 455 35112
1608108817431 456 35149
1608108823439 456 35189
1608108824838 457 35199
1608108830308 457 35249
1608108833640 457 35266
1608108837635 458 35299
1608108844038 458 35343
1608108845009 459 35349
1608108850335 459 35399
1608108854150 459 35420
1608108857705 460 35449
1608108864552 460 35497
1608108865092 461 35499
1608108870367 461 35549
1608108874600 461 35574
1608108877632 462 35599
1608108882891 462 35649
1608108884713 462 35651
1608108890087 463 35699
1608108894755 463 35728
1608108897343 464 35749
1608108902612 464 35799
1608108904897 464 35805
1608108909941 465 35849
1608108915095 465 35882
1608108917306 466 35899
1608108922790 466 35949
1608108925489 466 35959
1608108930125 467 35999
1608108935708 467 36036
1608108937440 468 36049
1608108942958 468 36099
1608108946125 468 36113
1608108950200 469 36149
1608108956014 469 36190
1608108957265 470 36199
1608108962478 470 36249
1608108965845 470 36267
1608108969537 471 36299
1608108975737 471 36344
1608108976604 472 36349
1608108981991 472 36399
1608108986036 472 36421
1608108989338 473 36449
1608108996155 473 36498
1608108996599 474 36499
1608109001995 474 36549
1608109006426 474 36575
1608109009325 475 36599
1608109014778 475 36649
1608109016746 475 36652
1608109022203 476 36699
1608109026960 476 36729
1608109029440 477 36749
1608109034644 477 36799
1608109037054 477 36806
1608109042054 478 36849
1608109047503 478 36883
1608109049575 479 36899
1608109054984 479 36949
1608109057667 479 36960
1608109062059 480 36999
1608109067614 480 37037
1608109069263 481 37049
1608109074725 481 37099
1608109077873 481 37114
1608109081908 482 37149
1608109087830 482 37191
1608109088978 483 37199
1608109094189 483 37249
1608109097820 483 37268
1608109101525 484 37299
1608109108069 484 37345
1608109108860 485 37349
1608109114048 485 37399
1608109117788 485 37422
1608109120861 486 37449
1608109125982 486 37499
1608109127620 486 37499
1608109133310 487 37549
1608109137849 487 37576
1608109140703 488 37599
1608109146018 488 37649
1608109148024 488 37653
1608109153034 489 37699
1608109157788 489 37730
1608109160208 490 37749
1608109165695 490 37799
1608109168200 490 37807
1608109173046 491 37849
1608109178301 491 37884
1608109180153 492 37899
1608109185471 492 37949
1608109188325 492 37961
1608109192714 493 37999
1608109198358 493 38038
1608109199923 494 38049
1608109205488 494 38099
1608109208899 494 38115
1608109212931 495 38149
1608109219089 495 38192
1608109220174 496 38199
1608109225552 496 38249
1608109229235 496 38269
1608109232830 497 38299
1608109239427 497 38346
1608109240078 498 38349
1608109245452 498 38399
1608109249591 498 38423
1608109252728 499 38449
1608109258075 499 38499
1608109259818 499 38500
1608109265406 500 38549
1608109269968 500 38577
1608109272676 501 38599
1608109277975 501 38649
1608109280127 501 38654
1608109285261 502 38699
1608109290202 502 38731
1608109292464 503 38749
1608109297810 503 38799
1608109300385 503 38808
1608109305159 504 38849
1608109310548 504 38885
1608109312274 505 38899
1608109317557 505 38949
1608109320600 505 38962
1608109325093 506 38999
1608109330868 506 39039
1608109332277 507 39049
1608109337576 507 39099
1608109340940 507 39116
1608109344724 508 39149
1608109350830 508 39193
1608109351823 509 39199
1608109357046 509 39249
1608109360812 509 39270
1608109364293 510 39299
1608109371015 510 39347
1608109371544 511 39349
1608109376835 511 39399
1608109381087 511 39424
1608109384025 512 39449
1608109389174 512 39499
1608109391021 512 39501
1608109396373 513 39549
1608109400888 513 39578
1608109403403 514 39599
1608109408560 514 39649
1608109410777 514 39655
1608109415924 515 39699
1608109421259 515 39732
1608109423371 516 39749
1608109428516 516 39799
1608109431196 516 39809
1608109435847 517 39849
1608109441334 517 39886
1608109443036 518 39899
1608109448475 518 39949
1608109451540 518 39963
1608109455538 519 39999
1608109461324 519 40040
1608109462608 520 40049
1608109468023 520 40099
1608109471541 520 40117
1608109475286 521 40149
1608109481789 521 40194
1608109482657 522 40199
1608109488071 522 40249
1608109491990 522 40271
1608109495324 523 40299
1608109501996 523 40348
1608109502416 524 40349
1608109507636 524 40399
1608109512114 524 40425
1608109515060 525 40449
1608109520325 525 40499
1608109522278 525 40502
1608109527603 526 40549
1608109532232 526 40579
1608109534643 527 40599
1608109539832 527 40649
1608109542173 527 40656
1608109547084 528 40699
1608109552169 528 40733
1608109554139 529 40749
1608109559179 529 40799
1608109561846 529 40810
1608109566300 530 40849
1608109572092 530 40887
1608109573732 531 40899
1608109579144 531 40949
1608109582304 531 40964
1608109586339 532 40999
1608109592150 532 41041
1608109593307 533 41049
1608109598640 533 41099
1608109602278 533 41118
1608109605983 534 41149
1608109612559 534 41195
1608109613292 535 41199
1608109618539 535 41249
1608109622548 535 41272
1608109625940 536 41299
1608109631291 536 41349
1608109632912 536 41349
1608109638669 537 41399
1608109643173 537 41426
1608109645935 538 41449
1608109651306 538 41499
1608109653400 538 41503
1608109658729 539 41549
1608109663616 539 41580
1608109666042 540 41599
1608109671373 540 41649
1608109673822 540 41657
1608109678728 541 41699
1608109683906 541 41734
1608109685870 542 41749
1608109691265 542 41799
1608109694131 542 41811
1608109698630 543 41849
1608109704378 543 41888
1608109705878 544 41899
1608109711290 544 41949
1608109714541 544 41965
1608109718483 545 41999
1608109724476 545 42042
1608109725536 546 42049
1608109730937 546 42099
1608109734676 546 42119
1608109738307 547 42149
1608109744977 547 42196
1608109745609 548 42199
1608109750812 548 42249
1608109754841 548 42273
1608109757983 549 42299
1608109763344 549 42349
1608109765132 549 42350
1608109770687 550 42399
1608109775154 550 42427
1608109777833 551 42449
1608109783096 551 42499
1608109785297 551 42504
1608109790501 552 42549
1608109795496 552 42581
1608109797734 553 42599
1608109802923 553 42649
1608109805429 553 42658
1608109810034 554 42699
1608109815457 554 42735
1608109817284 555 42749
1608109822673 555 42799
1608109825621 555 42812
1608109829834 556 42849
1608109835512 556 42889
1608109837133 557 42899
1608109842556 557 42949
1608109845833 557 42966
1608109849794 558 42999
1608109856202 558 43043
1608109857182 559 43049
1608109862382 559 43099
1608109866133 559 43120
1608109869440 560 43149
1608109876046 560 43197
1608109876568 561 43199
1608109881668 561 43249
1608109885879 561 43274
1608109888844 562 43299
1608109894037 562 43349
1608109895881 562 43351
1608109901313 563 43399
1608109905942 563 43428
1608109908564 564 43449
1608109913903 564 43499
1608109916192 564 43505
1608109921063 565 43549
1608109926203 565 43582
1608109928320 566 43599
1608109933572 566 43649
1608109936209 566 43659
1608109940851 567 43699
1608109946405 567 43736
1608109948135 568 43749
1608109953358 568 43799
1608109956355 568 43813
1608109960422 569 43849
1608109966299 569 43890
1608109967575 570 43899
1608109972999 570 43949
1608109976568 570 43967
1608109980400 571 43999
1608109986905 571 44044
1608109987742 572 44049
1608109993133 572 44099
1608109997082 572 44121
1608110000476 573 44149
1608110007313 573 44198
1608110007758 574 44199
1608110012852 574 44249
1608110017074 574 44275
1608110020037 575 44299
1608110025424 575 44349
1608110027434 575 44352
1608110032816 576 44399
1608110037517 576 44429
1608110039834 577 44449
1608110045017 577 44499
1608110047372 577 44506
1608110052220 578 44549
1608110057611 578 44583
1608110059645 579 44599
1608110064718 579 44649
1608110067460 579 44660
1608110072040 580 44699
1608110077660 580 44737
1608110079286 581 44749
1608110084700 581 44799
1608110087912 581 44814
1608110092050 582 44849
1608110098101 582 44891
1608110099302 583 44899
1608110104692 583 44949
1608110108157 583 44968
1608110111669 584 44999
1608110118177 584 45045
1608110118931 585 45049
1608110124211 585 45099
1608110128180 585 45122
1608110131379 586 45149
1608110136583 586 45199
1608110138196 586 45199
1608110143884 587 45249
1608110148298 587 45276
1608110151129 588 45299
1608110156384 588 45349
1608110158371 588 45353
1608110163563 589 45399
1608110168421 589 45430
1608110170758 590 45449
1608110176180 590 45499
1608110178688 590 45507
1608110183660 591 45549
1608110188951 591 45584
1608110190948 592 45599
1608110196372 592 45649
1608110199133 592 45661
1608110203432 593 45699
1608110209140 593 45738
1608110210659 594 45749
1608110216050 594 45799
1608110219379 594 45815
1608110223428 595 45849
1608110229652 595 45892
1608110230748 596 45899
1608110236074 596 45949
1608110239743 596 45969
1608110243294 597 45999
1608110249933 597 46046
1608110250596 598 46049
1608110256112 598 46099
1608110260095 598 46123
1608110263063 599 46149
1608110268393 599 46199
1608110270112 599 46200
1608110275979 600 46249
1608110280517 600 46277
1608110283176 601 46299
1608110288450 601 46349
1608110290489 601 46354
1608110295433 602 46399
1608110300456 602 46431
1608110302713 603 46449
1608110308134 603 46499
1608110310731 603 46508
1608110315529 604 46549
1608110321017 604 46585
1608110322883 605 46599
1608110328203 605 46649
1608110331193 605 46662
1608110335513 606 46699
1608110341343 606 46739
1608110342727 607 46749
1608110348013 607 46799
1608110351425 607 46816
1608110355314 608 46849
1608110361692 608 46893
1608110362665 609 46899
1608110368079 609 46949
1608110371730 609 46970
1608110375063 610 46999
1608110381767 610 47047
1608110382293 611 47049
1608110387463 611 47099
1608110391546 611 47124
1608110394547 612 47149
1608110399705 612 47199
1608110401526 612 47201
1608110406995 613 47249
1608110411682 613 47278
1608110414177 614 47299
1608110419200 614 47349
1608110421361 614 47355
1608110426364 615 47399
1608110431279 615 47432
1608110433410 616 47449
1608110438661 616 47499
1608110441333 616 47509
1608110445934 617 47549
1608110451567 617 47586
1608110453306 618 47599
1608110458678 618 47649
1608110461867 618 47663
1608110466175 619 47699
1608110472188 619 47740
1608110473470 620 47749
1608110478409 620 47799
1608110481649 620 47817
1608110485340 621 47849
1608110491824 621 47894
1608110492685 622 47899
1608110498444 622 47949
1608110502649 622 47971
1608110506269 623 47999
1608110513420 623 48048
1608110513876 624 48049
1608110519567 624 48099
1608110523848 624 48125
1608110526804 625 48149
1608110532128 625 48199
1608110534103 625 48202
1608110539504 626 48249
1608110544361 626 48279
1608110546813 627 48299
1608110552280 627 48349
1608110554656 627 48356
1608110559712 628 48399
1608110565010 628 48433
1608110567080 629 48449
1608110572379 629 48499
1608110575184 629 48510
1608110579577 630 48549
1608110585133 630 48587
1608110586734 631 48599
1608110592016 631 48649
1608110595232 631 48664
1608110599454 632 48699
1608110605500 632 48741
1608110606629 633 48749
1608110611891 633 48799
1608110615448 633 48818
1608110619122 634 48849
1608110625703 634 48895
1608110626476 635 48899
1608110631858 635 48949
1608110636124 635 48972
1608110639391 636 48999
1608110644444 636 49049
1608110646043 636 49049
1608110651825 637 49099
1608110656292 637 49126
1608110659182 638 49149
1608110664576 638 49199
1608110666614 638 49203
1608110671822 639 49249
1608110676788 639 49280
1608110679060 640 49299
1608110684476 640 49349
1608110687022 640 49357
1608110691984 641 49399
1608110697389 641 49434
1608110699261 642 49449
1608110704363 642 49499
1608110707195 642 49511
1608110711651 643 49549
1608110717588 643 49588
1608110719483 644 49599
1608110725106 644 49649
1608110728354 644 49665
1608110732228 645 49699
1608110738108 645 49742
1608110739159 646 49749
1608110744402 646 49799
1608110748091 646 49819
1608110751837 647 49849
1608110758512 647 49896
1608110759181 648 49899
1608110764579 648 49949
1608110768594 648 49973
1608110771664 649 49999
1608110777027 649 50049
1608110778795 649 50050
1608110784347 650 50099
1608110788827 650 50127
1608110791556 651 50149
1608110796823 651 50199
1608110798967 651 50204
1608110804155 652 50249
1608110809150 652 50281
1608110811396 653 50299
1608110816870 653 50349
1608110819443 653 50358
1608110824002 654 50399
1608110829406 654 50435
1608110831241 655 50449
1608110836658 655 50499
1608110839553 655 50512
1608110843932 656 50549
1608110849899 656 50589
1608110851317 657 50599
1608110856653 657 50649
1608110860170 657 50666
1608110864066 658 50699
1608110870327 658 50743
1608110871320 659 50749
1608110876770 659 50799
1608110880641 659 50820
1608110884200 660 50849
1608110890733 660 50897
1608110891257 661 50899
1608110896464 661 50949
1608110900705 661 50974
1608110903638 662 50999
1608110909002 662 51049
1608110910907 662 51051
1608110916258 663 51099
1608110920845 663 51128
1608110923536 664 51149
1608110928845 664 51199
1608110931126 664 51205
1608110936224 665 51249
1608110941260 665 51282
1608110943392 666 51299
1608110949082 666 51349
1608110951820 666 51359
1608110956212 667 51399
1608110961612 667 51436
1608110963310 668 51449
1608110968865 668 51499
1608110971960 668 51513
1608110976094 669 51549
1608110981958 669 51590
1608110983231 670 51599
1608110988474 670 51649
1608110991944 670 51667
1608110995622 671 51699
1608111002167 671 51744
1608111003025 672 51749
1608111008525 672 51799
1608111012608 672 51821
1608111016020 673 51849
1608111022726 673 51898
1608111023149 674 51899
1608111028247 674 51949
1608111032568 674 51975
1608111035418 675 51999
1608111040445 675 52049
1608111042277 675 52052
1608111047352 676 52099
1608111051911 676 52129
1608111054524 677 52149
1608111060015 677 52199
1608111062286 677 52206
1608111067176 678 52249
1608111072164 678 52283
1608111074233 679 52299
1608111079754 679 52349
1608111082519 679 52360
1608111087195 680 52399
1608111092650 680 52437
1608111094253 681 52449
1608111099327 681 52499
1608111102371 681 52514
1608111106363 682 52549
1608111112276 682 52591
1608111113441 683 52599
1608111118584 683 52649
1608111122092 683 52668
1608111125847 684 52699
1608111131965 684 52745
1608111132712 685 52749
1608111137905 685 52799
1608111142103 685 52822
1608111145299 686 52849
1608111150478 686 52899
1608111152098 686 52899
1608111157647 687 52949
1608111161896 687 52976
1608111164662 688 52999
1608111169762 688 53049
1608111171738 688 53053
1608111176846 689 53099
1608111181573 689 53130
1608111183832 690 53149
1608111189010 690 53199
1608111191296 690 53207
1608111195954 691 53249
1608111201195 691 53284
1608111203052 692 53299
1608111208161 692 53349
1608111210843 692 53361
1608111215096 693 53399
1608111220598 693 53438
1608111222078 694 53449
1608111227358 694 53499
1608111230416 694 53515
1608111234182 695 53549
1608111240139 695 53592
1608111241179 696 53599
1608111246615 696 53649
1608111250429 696 53669
1608111253966 697 53699
1608111260501 697 53746
1608111261162 698 53749
1608111266428 698 53799
1608111270290 698 53823
1608111273268 699 53849
1608111278353 699 53899
1608111280045 699 53900
1608111285247 700 53949
1608111289561 700 53977
1608111292156 701 53999
1608111297453 701 54049
1608111299607 701 54054
1608111304689 702 54099
1608111309652 702 54131
1608111311913 703 54149
1608111317359 703 54199
1608111319841 703 54208
1608111324428 704 54249
1608111329632 704 54285
1608111331393 705 54299
1608111336674 705 54349
1608111339576 705 54362
1608111343675 706 54399
1608111349274 706 54439
1608111350780 707 54449
1608111356255 707 54499
1608111359589 707 54516
1608111363392 708 54549
1608111369561 708 54593
1608111370539 709 54599
1608111375633 709 54649
1608111379226 709 54670
1608114105621 710 54693
