1608104277490 0.046875 49
1608104286060 0.04296875 99
1608104291166 0.04296875 149
1608104298432 0.02734375 199
1608104305745 0.04296875 249
1608104311059 0.0546875 299
1608104318266 0.0390625 349
1608104325435 0.0390625 399
1608104330786 0.09765625 449
1608104337822 0.06640625 499
1608104344844 0.0859375 549
1608104349971 0.09765625 599
1608104357237 0.08203125 649
1608104364584 0.10546875 699
1608104370009 0.12109375 749
1608104377215 0.1015625 799
1608104384263 0.16015625 849
1608104389349 0.13671875 899
1608104396227 0.14453125 949
1608104401505 0.1015625 999
1608104408594 0.125 1049
1608104415931 0.140625 1099
1608104421058 0.13671875 1149
1608104428198 0.17578125 1199
1608104435272 0.15234375 1249
1608104440513 0.18359375 1299
1608104447569 0.13671875 1349
1608104454600 0.1484375 1399
1608104460003 0.12890625 1449
1608104467001 0.18359375 1499
1608104473869 0.171875 1549
1608104479143 0.1640625 1599
1608104486276 0.16015625 1649
1608104493371 0.171875 1699
1608104498496 0.1640625 1749
1608104505343 0.22265625 1799
1608104512151 0.16796875 1849
1608104517152 0.23828125 1899
1608104524235 0.15625 1949
1608104529412 0.15234375 1999
1608104536368 0.18359375 2049
1608104543206 0.14453125 2099
1608104548421 0.20703125 2149
1608104555623 0.13671875 2199
1608104562513 0.171875 2249
1608104567732 0.19140625 2299
1608104574852 0.2265625 2349
1608104582099 0.20703125 2399
1608104587274 0.18359375 2449
1608104594276 0.1640625 2499
1608104601109 0.10546875 2549
1608104606077 0.19921875 2599
1608104613016 0.19921875 2649
1608104619861 0.171875 2699
1608104624982 0.1875 2749
1608104631943 0.20703125 2799
1608104636917 0.22297297418117523 2849
1608104643753 0.2265625 2899
1608104650651 0.19140625 2949
1608104655520 0.20703125 2999
1608104662378 0.23828125 3049
1608104669519 0.2109375 3099
1608104674489 0.203125 3149
1608104681761 0.171875 3199
1608104688631 0.15625 3249
1608104693658 0.1875 3299
1608104700531 0.21875 3349
1608104707510 0.20703125 3399
1608104712610 0.140625 3449
1608104719374 0.1875 3499
1608104726217 0.19921875 3549
1608104731159 0.23046875 3599
1608104737979 0.16015625 3649
1608104744851 0.22265625 3699
1608104749760 0.24609375 3749
1608104756538 0.21875 3799
1608104761400 0.16015625 3849
1608104768417 0.18359375 3899
1608104775490 0.17578125 3949
1608104780779 0.1640625 3999
1608104787973 0.2109375 4049
1608104795299 0.16796875 4099
1608104800701 0.171875 4149
1608104807909 0.19921875 4199
1608104814885 0.2265625 4249
1608104820122 0.1875 4299
1608104827252 0.20703125 4349
1608104834375 0.22265625 4399
1608104839720 0.171875 4449
1608104847047 0.17578125 4499
1608104854211 0.25 4549
1608104859677 0.171875 4599
1608104866870 0.1796875 4649
1608104873774 0.2265625 4699
1608104879074 0.27734375 4749
1608104886165 0.1953125 4799
1608104891306 0.17578125 4849
1608104898446 0.23046875 4899
1608104905731 0.23828125 4949
1608104910977 0.2109375 4999
1608104918079 0.21875 5049
1608104925281 0.16015625 5099
1608104930440 0.23046875 5149
1608104937548 0.21484375 5199
1608104944607 0.20703125 5249
1608104950080 0.2109375 5299
1608104957321 0.1796875 5349
1608104964443 0.234375 5399
1608104969807 0.20703125 5449
1608104976906 0.21484375 5499
1608104983801 0.20703125 5549
1608104988928 0.2265625 5599
1608104995759 0.17578125 5649
1608105002418 0.21875 5699
1608105007535 0.3046875 5749
1608105014424 0.171875 5799
1608105019439 0.21875 5849
1608105026150 0.19921875 5899
1608105032906 0.203125 5949
1608105037883 0.265625 5999
1608105044771 0.1875 6049
1608105051593 0.18359375 6099
1608105056590 0.16015625 6149
1608105063401 0.2109375 6199
1608105070157 0.2734375 6249
1608105075094 0.16796875 6299
1608105081769 0.15234375 6349
1608105088465 0.15234375 6399
1608105093442 0.26953125 6449
1608105100105 0.1953125 6499
1608105106777 0.21484375 6549
1608105111806 0.25390625 6599
1608105118713 0.2265625 6649
1608105123594 0.30405405163764954 6699
1608105130613 0.26953125 6749
1608105137994 0.1875 6799
1608105143420 0.2109375 6849
1608105150681 0.26953125 6899
1608105157572 0.19140625 6949
1608105162595 0.22265625 6999
1608105169559 0.21875 7049
1608105176413 0.1796875 7099
1608105181468 0.1953125 7149
1608105188766 0.22265625 7199
1608105195993 0.23046875 7249
1608105201370 0.140625 7299
1608105208581 0.203125 7349
1608105215714 0.2109375 7399
1608105220936 0.1953125 7449
1608105228005 0.22265625 7499
1608105234947 0.20703125 7549
1608105240245 0.23046875 7599
1608105247331 0.21484375 7649
1608105252799 0.16015625 7699
1608105260180 0.265625 7749
1608105267115 0.16015625 7799
1608105272198 0.1953125 7849
1608105279281 0.265625 7899
1608105286387 0.14453125 7949
1608105291338 0.19140625 7999
1608105298039 0.18359375 8049
1608105304747 0.28125 8099
1608105309796 0.2265625 8149
1608105317335 0.23828125 8199
1608105324311 0.23828125 8249
1608105329504 0.16796875 8299
1608105336403 0.20703125 8349
1608105343212 0.2109375 8399
1608105348209 0.1796875 8449
1608105355068 0.1640625 8499
1608105362045 0.1953125 8549
1608105367157 0.2109375 8599
1608105373979 0.203125 8649
1608105379077 0.2109375 8699
1608105385998 0.18359375 8749
1608105392710 0.2109375 8799
1608105397692 0.2578125 8849
1608105404658 0.19921875 8899
1608105411593 0.2109375 8949
1608105416631 0.28515625 8999
1608105423401 0.24609375 9049
1608105430156 0.18359375 9099
1608105435172 0.23828125 9149
1608105441958 0.21484375 9199
1608105448874 0.203125 9249
1608105454179 0.19921875 9299
1608105461279 0.21875 9349
1608105468523 0.2265625 9399
1608105473831 0.2421875 9449
1608105481047 0.20703125 9499
1608105488165 0.18359375 9549
1608105493297 0.3125 9599
1608105500441 0.20703125 9649
1608105505804 0.21875 9699
1608105512917 0.21484375 9749
1608105519969 0.18359375 9799
1608105524953 0.30078125 9849
1608105531691 0.15234375 9899
1608105538741 0.24609375 9949
1608105543862 0.21875 9999
1608105551466 0.26171875 10049
1608105558671 0.25390625 10099
1608105563839 0.21484375 10149
1608105570831 0.171875 10199
1608105577597 0.15234375 10249
1608105582616 0.30078125 10299
1608105589592 0.20703125 10349
1608105596569 0.265625 10399
1608105601772 0.23828125 10449
1608105608897 0.203125 10499
1608105614055 0.2702702581882477 10549
1608105621189 0.26171875 10599
1608105628529 0.203125 10649
1608105633963 0.21875 10699
1608105641687 0.28515625 10749
1608105648909 0.20703125 10799
1608105654004 0.26953125 10849
1608105661154 0.1875 10899
1608105668104 0.18359375 10949
1608105673231 0.1953125 10999
1608105680147 0.28515625 11049
1608105687150 0.234375 11099
1608105692157 0.140625 11149
1608105699058 0.2265625 11199
1608105705975 0.2890625 11249
1608105711196 0.20703125 11299
1608105718266 0.203125 11349
1608105725238 0.21484375 11399
1608105730243 0.2578125 11449
1608105737195 0.20703125 11499
1608105742371 0.1953125 11549
1608105749584 0.234375 11599
1608105756518 0.1953125 11649
1608105761494 0.1875 11699
1608105768099 0.3125 11749
1608105774669 0.17578125 11799
1608105779649 0.21484375 11849
1608105786620 0.203125 11899
1608105793456 0.2578125 11949
1608105798510 0.2421875 11999
1608105805562 0.2421875 12049
1608105812420 0.234375 12099
1608105817697 0.1875 12149
1608105825034 0.23046875 12199
1608105832375 0.2578125 12249
1608105837682 0.20703125 12299
1608105844672 0.19140625 12349
1608105851907 0.24609375 12399
1608105857074 0.2578125 12449
1608105863914 0.24609375 12499
1608105869079 0.2265625 12549
1608105876046 0.22265625 12599
1608105882894 0.2109375 12649
1608105887943 0.19921875 12699
1608105894881 0.22265625 12749
1608105901695 0.265625 12799
1608105906672 0.28125 12849
1608105913609 0.27734375 12899
1608105920367 0.21484375 12949
1608105925331 0.25390625 12999
1608105932562 0.203125 13049
1608105939920 0.1953125 13099
1608105945375 0.19921875 13149
1608105952568 0.23046875 13199
1608105959782 0.2265625 13249
1608105965022 0.28515625 13299
1608105971804 0.265625 13349
1608105978704 0.203125 13399
1608105984175 0.2890625 13449
1608105991705 0.16796875 13499
1608105996894 0.22265625 13549
1608106004053 0.265625 13599
1608106011548 0.18359375 13649
1608106016894 0.29296875 13699
1608106023944 0.23828125 13749
1608106031005 0.25390625 13799
1608106036111 0.19140625 13849
1608106043163 0.25 13899
1608106050330 0.2890625 13949
1608106055486 0.16015625 13999
1608106062491 0.21875 14049
1608106069556 0.1640625 14099
1608106074625 0.2578125 14149
1608106081774 0.265625 14199
1608106088811 0.3359375 14249
1608106094037 0.296875 14299
1608106101183 0.19921875 14349
1608106106439 0.2702702581882477 14399
1608106113962 0.25390625 14449
1608106121712 0.2265625 14499
1608106127173 0.3046875 14549
1608106134643 0.2734375 14599
1608106142192 0.1953125 14649
1608106147516 0.28515625 14699
1608106154887 0.2734375 14749
1608106162173 0.25 14799
1608106167368 0.23828125 14849
1608106174482 0.2734375 14899
1608106181719 0.24609375 14949
1608106187100 0.18359375 14999
1608106194357 0.21875 15049
1608106201369 0.26953125 15099
1608106206622 0.265625 15149
1608106213941 0.2265625 15199
1608106221083 0.27734375 15249
1608106226518 0.296875 15299
1608106233780 0.2421875 15349
1608106238958 0.1953125 15399
1608106246905 0.26171875 15449
1608106254190 0.25 15499
1608106259495 0.1875 15549
1608106266790 0.3203125 15599
1608106274015 0.21875 15649
1608106279356 0.21484375 15699
1608106286536 0.22265625 15749
1608106293711 0.28125 15799
1608106299257 0.30078125 15849
1608106306347 0.23828125 15899
1608106313592 0.25390625 15949
1608106319036 0.19140625 15999
1608106326328 0.2265625 16049
1608106333627 0.30859375 16099
1608106339066 0.25390625 16149
1608106346249 0.1875 16199
1608106353241 0.27734375 16249
1608106358529 0.25 16299
1608106365719 0.28515625 16349
1608106371321 0.28515625 16399
1608106378627 0.25390625 16449
1608106385911 0.21875 16499
1608106391318 0.25 16549
1608106398658 0.27734375 16599
1608106405762 0.26171875 16649
1608106411041 0.35546875 16699
1608106418229 0.23046875 16749
1608106425360 0.19140625 16799
1608106430586 0.2578125 16849
1608106438055 0.19921875 16899
1608106445422 0.25 16949
1608106450797 0.24609375 16999
1608106457894 0.26953125 17049
1608106465204 0.2734375 17099
1608106470444 0.24609375 17149
1608106477821 0.27734375 17199
1608106484977 0.2265625 17249
1608106490289 0.296875 17299
1608106497296 0.2734375 17349
1608106502468 0.23828125 17399
1608106509492 0.2578125 17449
1608106516510 0.2578125 17499
1608106521772 0.3203125 17549
1608106528886 0.22265625 17599
1608106536144 0.2734375 17649
1608106541473 0.21484375 17699
1608106548631 0.296875 17749
1608106555857 0.2421875 17799
1608106561137 0.25390625 17849
1608106568524 0.17578125 17899
1608106575642 0.1953125 17949
1608106580759 0.296875 17999
1608106588042 0.21875 18049
1608106595449 0.3359375 18099
1608106600733 0.2734375 18149
1608106607483 0.234375 18199
1608106612519 0.30405405163764954 18249
1608106619355 0.2890625 18299
1608106626360 0.24609375 18349
1608106631357 0.296875 18399
1608106638375 0.2890625 18449
1608106645298 0.25 18499
1608106650437 0.30859375 18549
1608106657361 0.3203125 18599
1608106664306 0.20703125 18649
1608106669523 0.26953125 18699
1608106676500 0.29296875 18749
1608106683321 0.30859375 18799
1608106688475 0.14453125 18849
1608106695534 0.18359375 18899
1608106702387 0.21875 18949
1608106707697 0.24609375 18999
1608106714820 0.17578125 19049
1608106722255 0.24609375 19099
1608106727484 0.31640625 19149
1608106734688 0.23828125 19199
1608106740047 0.1796875 19249
1608106747351 0.2734375 19299
1608106754311 0.296875 19349
1608106759376 0.18359375 19399
1608106766410 0.26953125 19449
1608106773390 0.20703125 19499
1608106778485 0.2265625 19549
1608106785671 0.25390625 19599
1608106792715 0.27734375 19649
1608106797939 0.27734375 19699
1608106804989 0.25390625 19749
1608106811981 0.30859375 19799
1608106817061 0.1953125 19849
1608106823964 0.2421875 19899
1608106831070 0.3203125 19949
1608106836514 0.2265625 19999
1608106843799 0.2265625 20049
1608106850768 0.3046875 20099
1608106855788 0.23828125 20149
1608106862631 0.31640625 20199
1608106867619 0.265625 20249
1608106874912 0.23828125 20299
1608106881800 0.2421875 20349
1608106886939 0.26171875 20399
1608106894254 0.29296875 20449
1608106901356 0.2578125 20499
1608106906892 0.296875 20549
1608106914147 0.19921875 20599
1608106921454 0.2109375 20649
1608106926934 0.28125 20699
1608106934072 0.24609375 20749
1608106941209 0.328125 20799
1608106946535 0.23046875 20849
1608106953816 0.23046875 20899
1608106961094 0.296875 20949
1608106966405 0.26953125 20999
1608106973223 0.2890625 21049
1608106980101 0.26171875 21099
1608106985389 0.3203125 21149
1608106992433 0.2890625 21199
1608106997593 0.2578125 21249
1608107004823 0.2734375 21299
1608107011679 0.26171875 21349
1608107016793 0.3125 21399
1608107024090 0.203125 21449
1608107031477 0.25390625 21499
1608107036781 0.27734375 21549
1608107043672 0.26171875 21599
1608107050715 0.21875 21649
1608107055903 0.2109375 21699
1608107062906 0.1953125 21749
1608107070255 0.17578125 21799
1608107075492 0.328125 21849
1608107082767 0.203125 21899
1608107089963 0.3203125 21949
1608107095368 0.28125 21999
1608107102755 0.21875 22049
1608107108175 0.3310810923576355 22099
1608107115391 0.3046875 22149
1608107122350 0.28515625 22199
1608107127383 0.265625 22249
1608107134417 0.28125 22299
1608107141346 0.265625 22349
1608107146501 0.30078125 22399
1608107153410 0.24609375 22449
1608107160254 0.1953125 22499
1608107165395 0.26171875 22549
1608107172383 0.328125 22599
1608107179231 0.265625 22649
1608107184311 0.1796875 22699
1608107191257 0.26953125 22749
1608107198068 0.27734375 22799
1608107202988 0.28515625 22849
1608107209799 0.26953125 22899
1608107216548 0.29296875 22949
1608107221505 0.3359375 22999
1608107228430 0.26953125 23049
1608107233455 0.22265625 23099
1608107240280 0.28515625 23149
1608107247130 0.3203125 23199
1608107252145 0.28125 23249
1608107258985 0.2734375 23299
1608107265792 0.21875 23349
1608107270750 0.23046875 23399
1608107277517 0.265625 23449
1608107284377 0.28515625 23499
1608107289425 0.32421875 23549
1608107296211 0.234375 23599
1608107303139 0.28125 23649
1608107308496 0.234375 23699
1608107315651 0.234375 23749
1608107322407 0.26171875 23799
1608107327466 0.1953125 23849
1608107334556 0.26171875 23899
1608107341529 0.2578125 23949
1608107346585 0.2578125 23999
1608107353640 0.3203125 24049
1608107358694 0.2421875 24099
1608107365647 0.21875 24149
1608107372861 0.23828125 24199
1608107378037 0.26953125 24249
1608107385042 0.2109375 24299
1608107392072 0.32421875 24349
1608107397292 0.31640625 24399
1608107404407 0.24609375 24449
1608107411585 0.2421875 24499
1608107416981 0.29296875 24549
1608107424189 0.23046875 24599
1608107431320 0.30078125 24649
1608107436475 0.28125 24699
1608107443517 0.23046875 24749
1608107450457 0.29296875 24799
1608107455592 0.296875 24849
1608107462669 0.3046875 24899
1608107469609 0.25390625 24949
1608107474989 0.3046875 24999
1608107482279 0.25 25049
1608107487566 0.27734375 25099
1608107494921 0.23828125 25149
1608107501960 0.28125 25199
1608107507012 0.3359375 25249
1608107513989 0.20703125 25299
1608107521331 0.265625 25349
1608107526981 0.21484375 25399
1608107534331 0.3046875 25449
1608107541658 0.24609375 25499
1608107546882 0.21484375 25549
1608107553995 0.21875 25599
1608107561005 0.1953125 25649
1608107566050 0.296875 25699
1608107573210 0.2109375 25749
1608107580677 0.359375 25799
1608107586132 0.33203125 25849
1608107593305 0.25 25899
1608107598316 0.29729729890823364 25949
1608107605284 0.29296875 25999
1608107612661 0.30859375 26049
1608107618237 0.30078125 26099
1608107625905 0.328125 26149
1608107632996 0.265625 26199
1608107638115 0.3203125 26249
1608107645435 0.3125 26299
1608107653027 0.23828125 26349
1608107658516 0.29296875 26399
1608107665895 0.29296875 26449
1608107673252 0.31640625 26499
1608107678956 0.19921875 26549
1608107686441 0.2578125 26599
1608107693744 0.2890625 26649
1608107698812 0.2890625 26699
1608107706045 0.234375 26749
1608107713564 0.29296875 26799
1608107718983 0.30859375 26849
1608107726146 0.27734375 26899
1608107731422 0.15625 26949
1608107738784 0.23046875 26999
1608107746098 0.26953125 27049
1608107751450 0.2265625 27099
1608107758705 0.30078125 27149
1608107766141 0.171875 27199
1608107771696 0.29296875 27249
1608107779130 0.265625 27299
1608107786704 0.28125 27349
1608107792100 0.3359375 27399
1608107799434 0.265625 27449
1608107806921 0.28125 27499
1608107812367 0.22265625 27549
1608107819730 0.23828125 27599
1608107826739 0.3046875 27649
1608107832103 0.26171875 27699
1608107839540 0.21875 27749
1608107846905 0.33203125 27799
1608107851924 0.265625 27849
1608107858992 0.328125 27899
1608107864405 0.23828125 27949
1608107871778 0.24609375 27999
1608107879071 0.26171875 28049
1608107884470 0.3046875 28099
1608107891701 0.2734375 28149
1608107899241 0.28125 28199
1608107904990 0.33203125 28249
1608107912552 0.25390625 28299
1608107919529 0.25 28349
1608107924554 0.265625 28399
1608107931895 0.29296875 28449
1608107939183 0.32421875 28499
1608107944512 0.25390625 28549
1608107951683 0.21484375 28599
1608107958937 0.28125 28649
1608107964393 0.3046875 28699
1608107971873 0.26171875 28749
1608107979238 0.25 28799
1608107984639 0.28125 28849
1608107992040 0.27734375 28899
1608107997197 0.265625 28949
1608108004514 0.24609375 28999
1608108011942 0.2734375 29049
1608108017459 0.28125 29099
1608108024813 0.25390625 29149
1608108032101 0.2578125 29199
1608108037345 0.24609375 29249
1608108044535 0.28125 29299
1608108051944 0.24609375 29349
1608108057414 0.25390625 29399
1608108064557 0.23828125 29449
1608108071792 0.203125 29499
1608108077089 0.3359375 29549
1608108084277 0.2421875 29599
1608108091322 0.2578125 29649
1608108096550 0.27734375 29699
1608108103775 0.234375 29749
1608108108812 0.31081080436706543 29799
1608108116129 0.26171875 29849
1608108123473 0.28125 29899
1608108128859 0.31640625 29949
1608108136251 0.28515625 29999
1608108143686 0.27734375 30049
1608108149199 0.35546875 30099
1608108156529 0.33984375 30149
1608108163606 0.25390625 30199
1608108168783 0.2578125 30249
1608108176225 0.296875 30299
1608108183661 0.27734375 30349
1608108189133 0.22265625 30399
1608108196593 0.25390625 30449
1608108203882 0.328125 30499
1608108209613 0.28515625 30549
1608108216956 0.2734375 30599
1608108224417 0.328125 30649
1608108229545 0.37890625 30699
1608108236831 0.2890625 30749
1608108242273 0.24609375 30799
1608108249793 0.30078125 30849
1608108257072 0.30078125 30899
1608108262341 0.234375 30949
1608108269881 0.29296875 30999
1608108277144 0.23828125 31049
1608108282561 0.3046875 31099
1608108289918 0.28515625 31149
1608108297028 0.3203125 31199
1608108302172 0.33984375 31249
1608108309561 0.24609375 31299
1608108316921 0.359375 31349
1608108322366 0.17578125 31399
1608108329291 0.21875 31449
1608108336948 0.34375 31499
1608108342385 0.25390625 31549
1608108349880 0.24609375 31599
1608108356798 0.26171875 31649
1608108362091 0.28515625 31699
1608108369460 0.296875 31749
1608108374944 0.2734375 31799
1608108382399 0.25 31849
1608108389778 0.30859375 31899
1608108395230 0.2734375 31949
1608108402644 0.24609375 31999
1608108409830 0.3046875 32049
1608108415223 0.34375 32099
1608108422248 0.19921875 32149
1608108429509 0.21875 32199
1608108434913 0.3515625 32249
1608108442080 0.3125 32299
1608108449263 0.28125 32349
1608108454560 0.28125 32399
1608108461916 0.21484375 32449
1608108469126 0.3125 32499
1608108474582 0.30859375 32549
1608108481917 0.265625 32599
1608108488874 0.31640625 32649
1608108494065 0.30859375 32699
1608108501307 0.28515625 32749
1608108506425 0.31640625 32799
1608108513667 0.26171875 32849
1608108520791 0.29296875 32899
1608108526119 0.3046875 32949
1608108533557 0.19921875 32999
1608108540995 0.28125 33049
1608108546295 0.25390625 33099
1608108553744 0.30859375 33149
1608108561032 0.29296875 33199
1608108566411 0.27734375 33249
1608108573815 0.171875 33299
1608108581390 0.1875 33349
1608108586821 0.30859375 33399
1608108594174 0.29296875 33449
1608108601181 0.3046875 33499
1608108606470 0.30859375 33549
1608108613916 0.2421875 33599
1608108619325 0.3243243098258972 33649
1608108626637 0.34765625 33699
1608108633875 0.29296875 33749
1608108639176 0.328125 33799
1608108646522 0.3671875 33849
1608108653771 0.25390625 33899
1608108659099 0.3125 33949
1608108666355 0.27734375 33999
1608108673705 0.2890625 34049
1608108678972 0.2734375 34099
1608108686243 0.31640625 34149
1608108693547 0.34375 34199
1608108699078 0.23046875 34249
1608108706313 0.28515625 34299
1608108713443 0.31640625 34349
1608108718782 0.2578125 34399
1608108726027 0.2421875 34449
1608108733071 0.25 34499
1608108738401 0.33203125 34549
1608108745844 0.28515625 34599
1608108751155 0.24609375 34649
1608108758629 0.30859375 34699
1608108766071 0.31640625 34749
1608108771409 0.20703125 34799
1608108778702 0.328125 34849
1608108786058 0.25 34899
1608108791324 0.28125 34949
1608108798498 0.30859375 34999
1608108805289 0.3515625 35049
1608108810297 0.34765625 35099
1608108817431 0.3046875 35149
1608108824838 0.28125 35199
1608108830308 0.2421875 35249
1608108837635 0.26171875 35299
1608108845009 0.2734375 35349
1608108850335 0.2890625 35399
1608108857705 0.28125 35449
1608108865092 0.33203125 35499
1608108870367 0.29296875 35549
1608108877632 0.33984375 35599
1608108882891 0.2421875 35649
1608108890087 0.2265625 35699
1608108897343 0.296875 35749
1608108902612 0.3125 35799
1608108909941 0.28125 35849
1608108917306 0.2890625 35899
1608108922790 0.32421875 35949
1608108930125 0.2421875 35999
1608108937440 0.24609375 36049
1608108942958 0.30078125 36099
1608108950200 0.3125 36149
1608108957265 0.33984375 36199
1608108962478 0.3046875 36249
1608108969537 0.24609375 36299
1608108976604 0.30078125 36349
1608108981991 0.26953125 36399
1608108989338 0.31640625 36449
1608108996599 0.3125 36499
1608109001995 0.3671875 36549
1608109009325 0.296875 36599
1608109014778 0.2734375 36649
1608109022203 0.26171875 36699
1608109029440 0.265625 36749
1608109034644 0.375 36799
1608109042054 0.25390625 36849
1608109049575 0.23828125 36899
1608109054984 0.22265625 36949
1608109062059 0.30859375 36999
1608109069263 0.31640625 37049
1608109074725 0.20703125 37099
1608109081908 0.1953125 37149
1608109088978 0.22265625 37199
1608109094189 0.3125 37249
1608109101525 0.30078125 37299
1608109108860 0.34765625 37349
1608109114048 0.3125 37399
1608109120861 0.265625 37449
1608109125982 0.36486485600471497 37499
1608109133310 0.34375 37549
1608109140703 0.29296875 37599
1608109146018 0.33984375 37649
1608109153034 0.3515625 37699
1608109160208 0.27734375 37749
1608109165695 0.29296875 37799
1608109173046 0.34375 37849
1608109180153 0.25 37899
1608109185471 0.2578125 37949
1608109192714 0.3515625 37999
1608109199923 0.3046875 38049
1608109205488 0.25390625 38099
1608109212931 0.26953125 38149
1608109220174 0.30859375 38199
1608109225552 0.3046875 38249
1608109232830 0.29296875 38299
1608109240078 0.2734375 38349
1608109245452 0.3515625 38399
1608109252728 0.234375 38449
1608109258075 0.19140625 38499
1608109265406 0.30859375 38549
1608109272676 0.30078125 38599
1608109277975 0.26171875 38649
1608109285261 0.31640625 38699
1608109292464 0.23828125 38749
1608109297810 0.296875 38799
1608109305159 0.32421875 38849
1608109312274 0.31640625 38899
1608109317557 0.3515625 38949
1608109325093 0.30859375 38999
1608109332277 0.31640625 39049
1608109337576 0.24609375 39099
1608109344724 0.265625 39149
1608109351823 0.34765625 39199
1608109357046 0.2578125 39249
1608109364293 0.30078125 39299
1608109371544 0.33203125 39349
1608109376835 0.28515625 39399
1608109384025 0.34375 39449
1608109389174 0.25 39499
1608109396373 0.21484375 39549
1608109403403 0.28125 39599
1608109408560 0.27734375 39649
1608109415924 0.35546875 39699
1608109423371 0.34375 39749
1608109428516 0.35546875 39799
1608109435847 0.2578125 39849
1608109443036 0.23046875 39899
1608109448475 0.296875 39949
1608109455538 0.31640625 39999
1608109462608 0.32421875 40049
1608109468023 0.296875 40099
1608109475286 0.2421875 40149
1608109482657 0.3046875 40199
1608109488071 0.33984375 40249
1608109495324 0.27734375 40299
1608109502416 0.2578125 40349
1608109507636 0.30859375 40399
1608109515060 0.30078125 40449
1608109520325 0.296875 40499
1608109527603 0.2890625 40549
1608109534643 0.30078125 40599
1608109539832 0.33984375 40649
1608109547084 0.2109375 40699
1608109554139 0.2578125 40749
1608109559179 0.2265625 40799
1608109566300 0.328125 40849
1608109573732 0.3046875 40899
1608109579144 0.24609375 40949
1608109586339 0.2265625 40999
1608109593307 0.1875 41049
1608109598640 0.32421875 41099
1608109605983 0.2734375 41149
1608109613292 0.36328125 41199
1608109618539 0.296875 41249
1608109625940 0.265625 41299
1608109631291 0.37162160873413086 41349
1608109638669 0.31640625 41399
1608109645935 0.33203125 41449
1608109651306 0.3359375 41499
1608109658729 0.3203125 41549
1608109666042 0.3203125 41599
1608109671373 0.33203125 41649
1608109678728 0.34765625 41699
1608109685870 0.24609375 41749
1608109691265 0.2890625 41799
1608109698630 0.2890625 41849
1608109705878 0.33203125 41899
1608109711290 0.25390625 41949
1608109718483 0.30078125 41999
1608109725536 0.328125 42049
1608109730937 0.30078125 42099
1608109738307 0.296875 42149
1608109745609 0.37890625 42199
1608109750812 0.3359375 42249
1608109757983 0.3203125 42299
1608109763344 0.19921875 42349
1608109770687 0.2734375 42399
1608109777833 0.3203125 42449
1608109783096 0.24609375 42499
1608109790501 0.3203125 42549
1608109797734 0.2421875 42599
1608109802923 0.2890625 42649
1608109810034 0.28125 42699
1608109817284 0.33203125 42749
1608109822673 0.3828125 42799
1608109829834 0.30859375 42849
1608109837133 0.35546875 42899
1608109842556 0.1953125 42949
1608109849794 0.2109375 42999
1608109857182 0.33203125 43049
1608109862382 0.26171875 43099
1608109869440 0.265625 43149
1608109876568 0.34765625 43199
1608109881668 0.28125 43249
1608109888844 0.3203125 43299
1608109894037 0.28515625 43349
1608109901313 0.25 43399
1608109908564 0.29296875 43449
1608109913903 0.3046875 43499
1608109921063 0.29296875 43549
1608109928320 0.2890625 43599
1608109933572 0.35546875 43649
1608109940851 0.296875 43699
1608109948135 0.3125 43749
1608109953358 0.31640625 43799
1608109960422 0.26953125 43849
1608109967575 0.32421875 43899
1608109972999 0.30078125 43949
1608109980400 0.2578125 43999
1608109987742 0.30078125 44049
1608109993133 0.3203125 44099
1608110000476 0.34375 44149
1608110007758 0.30859375 44199
1608110012852 0.36328125 44249
1608110020037 0.296875 44299
1608110025424 0.3203125 44349
1608110032816 0.28125 44399
1608110039834 0.30078125 44449
1608110045017 0.34765625 44499
1608110052220 0.2421875 44549
1608110059645 0.29296875 44599
1608110064718 0.27734375 44649
1608110072040 0.30078125 44699
1608110079286 0.34375 44749
1608110084700 0.265625 44799
1608110092050 0.15234375 44849
1608110099302 0.234375 44899
1608110104692 0.2890625 44949
1608110111669 0.2734375 44999
1608110118931 0.39453125 45049
1608110124211 0.29296875 45099
1608110131379 0.27734375 45149
1608110136583 0.3918918967247009 45199
1608110143884 0.2890625 45249
1608110151129 0.3203125 45299
1608110156384 0.3828125 45349
1608110163563 0.3359375 45399
1608110170758 0.265625 45449
1608110176180 0.33984375 45499
1608110183660 0.3203125 45549
1608110190948 0.23828125 45599
1608110196372 0.234375 45649
1608110203432 0.3203125 45699
1608110210659 0.35546875 45749
1608110216050 0.23828125 45799
1608110223428 0.25 45849
1608110230748 0.33203125 45899
1608110236074 0.33984375 45949
1608110243294 0.29296875 45999
1608110250596 0.33984375 46049
1608110256112 0.375 46099
1608110263063 0.29296875 46149
1608110268393 0.2109375 46199
1608110275979 0.27734375 46249
1608110283176 0.31640625 46299
1608110288450 0.24609375 46349
1608110295433 0.3359375 46399
1608110302713 0.203125 46449
1608110308134 0.3046875 46499
1608110315529 0.2890625 46549
1608110322883 0.34375 46599
1608110328203 0.36328125 46649
1608110335513 0.25 46699
1608110342727 0.30859375 46749
1608110348013 0.1953125 46799
1608110355314 0.2890625 46849
1608110362665 0.34765625 46899
1608110368079 0.26953125 46949
1608110375063 0.26953125 46999
1608110382293 0.34765625 47049
1608110387463 0.26171875 47099
1608110394547 0.375 47149
1608110399705 0.28125 47199
1608110406995 0.2265625 47249
1608110414177 0.25390625 47299
1608110419200 0.33984375 47349
1608110426364 0.30078125 47399
1608110433410 0.3359375 47449
1608110438661 0.390625 47499
1608110445934 0.2890625 47549
1608110453306 0.2734375 47599
1608110458678 0.34375 47649
1608110466175 0.30078125 47699
1608110473470 0.33203125 47749
1608110478409 0.3203125 47799
1608110485340 0.26953125 47849
1608110492685 0.30078125 47899
1608110498444 0.34375 47949
1608110506269 0.31640625 47999
1608110513876 0.36328125 48049
1608110519567 0.375 48099
1608110526804 0.31640625 48149
1608110532128 0.2734375 48199
1608110539504 0.26171875 48249
1608110546813 0.3203125 48299
1608110552280 0.38671875 48349
1608110559712 0.2890625 48399
1608110567080 0.31640625 48449
1608110572379 0.23828125 48499
1608110579577 0.3046875 48549
1608110586734 0.3046875 48599
1608110592016 0.28125 48649
1608110599454 0.20703125 48699
1608110606629 0.25 48749
1608110611891 0.32421875 48799
1608110619122 0.28515625 48849
1608110626476 0.35546875 48899
1608110631858 0.36328125 48949
1608110639391 0.25 48999
1608110644444 0.3581081032752991 49049
1608110651825 0.29296875 49099
1608110659182 0.3046875 49149
1608110664576 0.3203125 49199
1608110671822 0.375 49249
1608110679060 0.3046875 49299
1608110684476 0.29296875 49349
1608110691984 0.31640625 49399
1608110699261 0.28125 49449
1608110704363 0.2734375 49499
1608110711651 0.3046875 49549
1608110719483 0.3359375 49599
1608110725106 0.20703125 49649
1608110732228 0.23046875 49699
1608110739159 0.31640625 49749
1608110744402 0.28125 49799
1608110751837 0.265625 49849
1608110759181 0.33203125 49899
1608110764579 0.34375 49949
1608110771664 0.296875 49999
1608110777027 0.1796875 50049
1608110784347 0.26953125 50099
1608110791556 0.31640625 50149
1608110796823 0.23828125 50199
1608110804155 0.34375 50249
1608110811396 0.26953125 50299
1608110816870 0.328125 50349
1608110824002 0.30859375 50399
1608110831241 0.34765625 50449
1608110836658 0.3359375 50499
1608110843932 0.25390625 50549
1608110851317 0.3203125 50599
1608110856653 0.2109375 50649
1608110864066 0.2734375 50699
1608110871320 0.35546875 50749
1608110876770 0.26953125 50799
1608110884200 0.2734375 50849
1608110891257 0.4296875 50899
1608110896464 0.27734375 50949
1608110903638 0.328125 50999
1608110909002 0.24609375 51049
1608110916258 0.2109375 51099
1608110923536 0.33984375 51149
1608110928845 0.328125 51199
1608110936224 0.35546875 51249
1608110943392 0.33984375 51299
1608110949082 0.40625 51349
1608110956212 0.28125 51399
1608110963310 0.28515625 51449
1608110968865 0.31640625 51499
1608110976094 0.3125 51549
1608110983231 0.29296875 51599
1608110988474 0.30078125 51649
1608110995622 0.2734375 51699
1608111003025 0.34375 51749
1608111008525 0.33984375 51799
1608111016020 0.30078125 51849
1608111023149 0.37890625 51899
1608111028247 0.3359375 51949
1608111035418 0.3125 51999
1608111040445 0.28125 52049
1608111047352 0.2890625 52099
1608111054524 0.28515625 52149
1608111060015 0.3828125 52199
1608111067176 0.2734375 52249
1608111074233 0.296875 52299
1608111079754 0.21875 52349
1608111087195 0.33203125 52399
1608111094253 0.3125 52449
1608111099327 0.28125 52499
1608111106363 0.19140625 52549
1608111113441 0.1953125 52599
1608111118584 0.29296875 52649
1608111125847 0.2890625 52699
1608111132712 0.34765625 52749
1608111137905 0.34375 52799
1608111145299 0.26171875 52849
1608111150478 0.3445945978164673 52899
1608111157647 0.3046875 52949
1608111164662 0.30078125 52999
1608111169762 0.3046875 53049
1608111176846 0.37890625 53099
1608111183832 0.3203125 53149
1608111189010 0.328125 53199
1608111195954 0.3125 53249
1608111203052 0.26171875 53299
1608111208161 0.234375 53349
1608111215096 0.35546875 53399
1608111222078 0.3125 53449
1608111227358 0.21875 53499
1608111234182 0.265625 53549
1608111241179 0.33984375 53599
1608111246615 0.36328125 53649
1608111253966 0.2890625 53699
1608111261162 0.34375 53749
1608111266428 0.3984375 53799
1608111273268 0.30859375 53849
1608111278353 0.234375 53899
1608111285247 0.3125 53949
1608111292156 0.34375 53999
1608111297453 0.296875 54049
1608111304689 0.34375 54099
1608111311913 0.27734375 54149
1608111317359 0.33203125 54199
1608111324428 0.3515625 54249
1608111331393 0.37109375 54299
1608111336674 0.3125 54349
1608111343675 0.25 54399
1608111350780 0.359375 54449
1608111356255 0.1875 54499
1608111363392 0.26953125 54549
1608111370539 0.31640625 54599
1608111375633 0.30078125 54649
