1608104277490 3.377199649810791 49
1608104286060 3.3204398155212402 99
1608104291166 3.3176627159118652 149
1608104298432 3.2759480476379395 199
1608104305745 3.274779796600342 249
1608104311059 3.246159553527832 299
1608104318266 3.2273926734924316 349
1608104325435 3.166522264480591 399
1608104330786 3.037724256515503 449
1608104337822 3.1586265563964844 499
1608104344844 3.0385212898254395 549
1608104349971 3.0414483547210693 599
1608104357237 3.0821564197540283 649
1608104364584 2.908945322036743 699
1608104370009 3.0551552772521973 749
1608104377215 2.9448161125183105 799
1608104384263 2.770400047302246 849
1608104389349 2.838374376296997 899
1608104396227 2.7795538902282715 949
1608104401505 2.873669385910034 999
1608104408594 2.926046371459961 1049
1608104415931 2.733921766281128 1099
1608104421058 2.7658300399780273 1149
1608104428198 2.6943047046661377 1199
1608104435272 2.7876176834106445 1249
1608104440513 2.5839107036590576 1299
1608104447569 2.903433322906494 1349
1608104454600 2.760892868041992 1399
1608104460003 2.6760120391845703 1449
1608104467001 2.6747961044311523 1499
1608104473869 2.7831716537475586 1549
1608104479143 2.6315767765045166 1599
1608104486276 2.724151372909546 1649
1608104493371 2.604013442993164 1699
1608104498496 2.5425374507904053 1749
1608104505343 2.4877545833587646 1799
1608104512151 2.4707860946655273 1849
1608104517152 2.4264798164367676 1899
1608104524235 2.562932014465332 1949
1608104529412 2.591460943222046 1999
1608104536368 2.6473405361175537 2049
1608104543206 2.565706491470337 2099
1608104548421 2.429539442062378 2149
1608104555623 2.7501466274261475 2199
1608104562513 2.516488552093506 2249
1608104567732 2.8389079570770264 2299
1608104574852 2.4218645095825195 2349
1608104582099 2.4440174102783203 2399
1608104587274 2.934227705001831 2449
1608104594276 2.8695151805877686 2499
1608104601109 3.3272898197174072 2549
1608104606077 2.3238229751586914 2599
1608104613016 2.481938600540161 2649
1608104619861 2.422865152359009 2699
1608104624982 2.627439498901367 2749
1608104631943 2.4244766235351562 2799
1608104636917 2.325796365737915 2849
1608104643753 2.3367693424224854 2899
1608104650651 2.3950767517089844 2949
1608104655520 2.400501251220703 2999
1608104662378 2.3428688049316406 3049
1608104669519 2.4714272022247314 3099
1608104674489 2.387615919113159 3149
1608104681761 2.5571188926696777 3199
1608104688631 2.5458738803863525 3249
1608104693658 2.525524616241455 3299
1608104700531 2.4408066272735596 3349
1608104707510 2.3235206604003906 3399
1608104712610 2.600792169570923 3449
1608104719374 2.4719953536987305 3499
1608104726217 2.3364367485046387 3549
1608104731159 2.3653030395507812 3599
1608104737979 2.6833081245422363 3649
1608104744851 2.417262554168701 3699
1608104749760 2.255344867706299 3749
1608104756538 2.50947642326355 3799
1608104761400 2.784482955932617 3849
1608104768417 2.4241318702697754 3899
1608104775490 2.5581212043762207 3949
1608104780779 2.6053004264831543 3999
1608104787973 2.3286497592926025 4049
1608104795299 3.036024808883667 4099
1608104800701 2.5671298503875732 4149
1608104807909 2.6206867694854736 4199
1608104814885 2.297079563140869 4249
1608104820122 2.4360997676849365 4299
1608104827252 2.3855316638946533 4349
1608104834375 2.4057345390319824 4399
1608104839720 2.674665927886963 4449
1608104847047 2.490006446838379 4499
1608104854211 2.2906882762908936 4549
1608104859677 2.6559576988220215 4599
1608104866870 2.7709479331970215 4649
1608104873774 2.2774887084960938 4699
1608104879074 2.6060028076171875 4749
1608104886165 2.3544723987579346 4799
1608104891306 2.4860472679138184 4849
1608104898446 2.7510454654693604 4899
1608104905731 2.310210943222046 4949
1608104910977 2.2796781063079834 4999
1608104918079 2.3464345932006836 5049
1608104925281 2.6625049114227295 5099
1608104930440 2.3203015327453613 5149
1608104937548 2.438380241394043 5199
1608104944607 2.339320421218872 5249
1608104950080 2.314387083053589 5299
1608104957321 2.4683797359466553 5349
1608104964443 2.4893107414245605 5399
1608104969807 2.521984338760376 5449
1608104976906 2.4763991832733154 5499
1608104983801 2.474867582321167 5549
1608104988928 2.199554681777954 5599
1608104995759 2.3087527751922607 5649
1608105002418 2.307760000228882 5699
1608105007535 2.1656405925750732 5749
1608105014424 2.463407278060913 5799
1608105019439 2.3447437286376953 5849
1608105026150 2.508202075958252 5899
1608105032906 2.235879421234131 5949
1608105037883 2.1605448722839355 5999
1608105044771 2.591636896133423 6049
1608105051593 2.4441752433776855 6099
1608105056590 2.677631139755249 6149
1608105063401 2.374248504638672 6199
1608105070157 2.3370375633239746 6249
1608105075094 2.967737913131714 6299
1608105081769 2.68225359916687 6349
1608105088465 3.121276378631592 6399
1608105093442 2.1954898834228516 6449
1608105100105 2.414799451828003 6499
1608105106777 2.249939203262329 6549
1608105111806 2.388573169708252 6599
1608105118713 2.362290382385254 6649
1608105123594 2.1900887489318848 6699
1608105130613 2.1992664337158203 6749
1608105137994 2.442103147506714 6799
1608105143420 2.306227207183838 6849
1608105150681 2.178638458251953 6899
1608105157572 2.331265687942505 6949
1608105162595 2.2238903045654297 6999
1608105169559 2.3424947261810303 7049
1608105176413 2.6240153312683105 7099
1608105181468 2.578007936477661 7149
1608105188766 2.2667829990386963 7199
1608105195993 2.256014823913574 7249
1608105201370 2.5975639820098877 7299
1608105208581 2.3759899139404297 7349
1608105215714 2.2841577529907227 7399
1608105220936 2.200653076171875 7449
1608105228005 2.5393245220184326 7499
1608105234947 2.3688759803771973 7549
1608105240245 2.133979558944702 7599
1608105247331 2.4787533283233643 7649
1608105252799 2.6593894958496094 7699
1608105260180 2.2573299407958984 7749
1608105267115 2.4594669342041016 7799
1608105272198 2.4845690727233887 7849
1608105279281 2.295182704925537 7899
1608105286387 3.0316145420074463 7949
1608105291338 2.6421563625335693 7999
1608105298039 2.372894763946533 8049
1608105304747 2.1699390411376953 8099
1608105309796 2.279984951019287 8149
1608105317335 2.308382987976074 8199
1608105324311 2.2420077323913574 8249
1608105329504 2.5562942028045654 8299
1608105336403 2.457728385925293 8349
1608105343212 2.2440590858459473 8399
1608105348209 2.6869888305664062 8449
1608105355068 2.7429046630859375 8499
1608105362045 2.2884695529937744 8549
1608105367157 2.559476852416992 8599
1608105373979 2.299551486968994 8649
1608105379077 2.407780647277832 8699
1608105385998 2.7305688858032227 8749
1608105392710 2.3097822666168213 8799
1608105397692 2.2386457920074463 8849
1608105404658 2.424781084060669 8899
1608105411593 2.5043118000030518 8949
1608105416631 2.183730363845825 8999
1608105423401 2.320671796798706 9049
1608105430156 2.425328493118286 9099
1608105435172 2.298201322555542 9149
1608105441958 2.3171470165252686 9199
1608105448874 2.4891605377197266 9249
1608105454179 2.40903639793396 9299
1608105461279 2.417417526245117 9349
1608105468523 2.4740304946899414 9399
1608105473831 2.1521878242492676 9449
1608105481047 2.227788209915161 9499
1608105488165 2.2716317176818848 9549
1608105493297 2.0695343017578125 9599
1608105500441 2.2840232849121094 9649
1608105505804 2.289621114730835 9699
1608105512917 2.3616788387298584 9749
1608105519969 2.2595906257629395 9799
1608105524953 2.0573534965515137 9849
1608105531691 2.759244441986084 9899
1608105538741 2.234797239303589 9949
1608105543862 2.7109882831573486 9999
1608105551466 2.2338404655456543 10049
1608105558671 2.334388256072998 10099
1608105563839 2.8024110794067383 10149
1608105570831 2.568854570388794 10199
1608105577597 3.1542086601257324 10249
1608105582616 2.0861940383911133 10299
1608105589592 2.4207165241241455 10349
1608105596569 2.090477228164673 10399
1608105601772 2.341276168823242 10449
1608105608897 2.378127336502075 10499
1608105614055 2.1363744735717773 10549
1608105621189 2.120521306991577 10599
1608105628529 2.2695415019989014 10649
1608105633963 2.2334189414978027 10699
1608105641687 2.103175163269043 10749
1608105648909 2.3762223720550537 10799
1608105654004 2.1548826694488525 10849
1608105661154 2.256690263748169 10899
1608105668104 2.515514373779297 10949
1608105673231 2.510364532470703 10999
1608105680147 2.1606760025024414 11049
1608105687150 2.252368211746216 11099
1608105692157 2.5536677837371826 11149
1608105699058 2.2547812461853027 11199
1608105705975 2.163541793823242 11249
1608105711196 2.1830480098724365 11299
1608105718266 2.502195358276367 11349
1608105725238 2.327871084213257 11399
1608105730243 2.1098930835723877 11449
1608105737195 2.3419723510742188 11499
1608105742371 2.608743667602539 11549
1608105749584 2.151479482650757 11599
1608105756518 2.3202342987060547 11649
1608105761494 2.5239510536193848 11699
1608105768099 2.0872819423675537 11749
1608105774669 2.914302110671997 11799
1608105779649 2.4936373233795166 11849
1608105786620 2.315300703048706 11899
1608105793456 2.1300461292266846 11949
1608105798510 2.196035146713257 11999
1608105805562 2.23943829536438 12049
1608105812420 2.170593738555908 12099
1608105817697 2.5327210426330566 12149
1608105825034 2.3855879306793213 12199
1608105832375 2.2184932231903076 12249
1608105837682 2.4874918460845947 12299
1608105844672 2.525461435317993 12349
1608105851907 2.136155366897583 12399
1608105857074 2.533169746398926 12449
1608105863914 2.1779980659484863 12499
1608105869079 2.3600940704345703 12549
1608105876046 2.8008341789245605 12599
1608105882894 2.3079464435577393 12649
1608105887943 2.3177478313446045 12699
1608105894881 2.283015489578247 12749
1608105901695 2.4566564559936523 12799
1608105906672 2.061201810836792 12849
1608105913609 2.193885564804077 12899
1608105920367 2.3781015872955322 12949
1608105925331 2.1451847553253174 12999
1608105932562 2.248913049697876 13049
1608105939920 2.4832653999328613 13099
1608105945375 2.3275671005249023 13149
1608105952568 2.33237624168396 13199
1608105959782 2.38916277885437 13249
1608105965022 2.1557705402374268 13299
1608105971804 2.194023370742798 13349
1608105978704 2.2928192615509033 13399
1608105984175 2.045809507369995 13449
1608105991705 2.309321403503418 13499
1608105996894 2.3513753414154053 13549
1608106004053 2.3679115772247314 13599
1608106011548 2.282280683517456 13649
1608106016894 2.015059232711792 13699
1608106023944 2.5749614238739014 13749
1608106031005 2.337833881378174 13799
1608106036111 2.907289743423462 13849
1608106043163 2.243807077407837 13899
1608106050330 2.2315492630004883 13949
1608106055486 3.0920419692993164 13999
1608106062491 2.5431408882141113 14049
1608106069556 2.9938440322875977 14099
1608106074625 2.072859287261963 14149
1608106081774 2.3867690563201904 14199
1608106088811 2.021796226501465 14249
1608106094037 2.3164596557617188 14299
1608106101183 2.3658783435821533 14349
1608106106439 2.1170592308044434 14399
1608106113962 2.1159377098083496 14449
1608106121712 2.3090226650238037 14499
1608106127173 2.0849626064300537 14549
1608106134643 1.9872846603393555 14599
1608106142192 2.2343881130218506 14649
1608106147516 2.028473377227783 14699
1608106154887 2.1599490642547607 14749
1608106162173 2.442505359649658 14799
1608106167368 2.398043394088745 14849
1608106174482 2.148684501647949 14899
1608106181719 2.154677391052246 14949
1608106187100 2.613456964492798 14999
1608106194357 2.3048837184906006 15049
1608106201369 2.1468865871429443 15099
1608106206622 2.1723761558532715 15149
1608106213941 2.3736324310302734 15199
1608106221083 2.2441043853759766 15249
1608106226518 1.9740355014801025 15299
1608106233780 2.3172388076782227 15349
1608106238958 2.57297682762146 15399
1608106246905 2.144012689590454 15449
1608106254190 2.177325963973999 15499
1608106259495 2.465714454650879 15549
1608106266790 2.1235339641571045 15599
1608106274015 2.8191049098968506 15649
1608106279356 2.396247386932373 15699
1608106286536 2.2218143939971924 15749
1608106293711 2.0571677684783936 15799
1608106299257 2.0781190395355225 15849
1608106306347 2.325287103652954 15899
1608106313592 2.091646909713745 15949
1608106319036 2.4164881706237793 15999
1608106326328 2.2826120853424072 16049
1608106333627 2.088151216506958 16099
1608106339066 2.4619462490081787 16149
1608106346249 2.591248035430908 16199
1608106353241 1.9881267547607422 16249
1608106358529 2.355708360671997 16299
1608106365719 2.070343017578125 16349
1608106371321 2.222470998764038 16399
1608106378627 2.6618733406066895 16449
1608106385911 2.2534637451171875 16499
1608106391318 2.1905412673950195 16549
1608106398658 2.27162766456604 16599
1608106405762 2.3723325729370117 16649
1608106411041 1.9250895977020264 16699
1608106418229 2.2824466228485107 16749
1608106425360 2.4167559146881104 16799
1608106430586 2.049440860748291 16849
1608106438055 2.2115283012390137 16899
1608106445422 2.2938222885131836 16949
1608106450797 2.208045721054077 16999
1608106457894 2.455322265625 17049
1608106465204 2.1463675498962402 17099
1608106470444 2.157313585281372 17149
1608106477821 2.0612165927886963 17199
1608106484977 2.134208917617798 17249
1608106490289 2.023984670639038 17299
1608106497296 2.170567274093628 17349
1608106502468 2.2425475120544434 17399
1608106509492 2.2431864738464355 17449
1608106516510 2.1725449562072754 17499
1608106521772 1.9614983797073364 17549
1608106528886 2.4958157539367676 17599
1608106536144 2.182917594909668 17649
1608106541473 2.836665391921997 17699
1608106548631 2.0289461612701416 17749
1608106555857 2.1909544467926025 17799
1608106561137 2.696734666824341 17849
1608106568524 2.7116007804870605 17899
1608106575642 2.882162094116211 17949
1608106580759 1.9736950397491455 17999
1608106588042 2.3655917644500732 18049
1608106595449 1.9033563137054443 18099
1608106600733 2.2586934566497803 18149
1608106607483 2.2886803150177 18199
1608106612519 2.0054094791412354 18249
1608106619355 2.0058488845825195 18299
1608106626360 2.145197868347168 18349
1608106631357 1.9393410682678223 18399
1608106638375 1.940108060836792 18449
1608106645298 2.233135461807251 18499
1608106650437 1.9567112922668457 18549
1608106657361 2.037243604660034 18599
1608106664306 2.51467227935791 18649
1608106669523 2.3149502277374268 18699
1608106676500 2.1050572395324707 18749
1608106683321 2.044783353805542 18799
1608106688475 2.5715770721435547 18849
1608106695534 2.2958006858825684 18899
1608106702387 2.105480909347534 18949
1608106707697 2.1594152450561523 18999
1608106714820 2.367047071456909 19049
1608106722255 2.197054862976074 19099
1608106727484 1.9400272369384766 19149
1608106734688 2.190124273300171 19199
1608106740047 2.550245523452759 19249
1608106747351 2.100661516189575 19299
1608106754311 2.0499372482299805 19349
1608106759376 2.487307548522949 19399
1608106766410 2.138594150543213 19449
1608106773390 2.7941555976867676 19499
1608106778485 2.3499319553375244 19549
1608106785671 2.1588802337646484 19599
1608106792715 1.9519321918487549 19649
1608106797939 1.9818015098571777 19699
1608106804989 2.2581818103790283 19749
1608106811981 2.005376100540161 19799
1608106817061 2.593547821044922 19849
1608106823964 2.300708293914795 19899
1608106831070 2.0147182941436768 19949
1608106836514 2.3361892700195312 19999
1608106843799 2.5991837978363037 20049
1608106850768 1.9825116395950317 20099
1608106855788 2.3485777378082275 20149
1608106862631 1.972947597503662 20199
1608106867619 2.23294997215271 20249
1608106874912 2.510786533355713 20299
1608106881800 2.1358935832977295 20349
1608106886939 2.0703787803649902 20399
1608106894254 2.03930926322937 20449
1608106901356 2.2896363735198975 20499
1608106906892 1.9714887142181396 20549
1608106914147 2.246704578399658 20599
1608106921454 2.3980395793914795 20649
1608106926934 1.9784491062164307 20699
1608106934072 2.114386796951294 20749
1608106941209 2.2400176525115967 20799
1608106946535 2.1576201915740967 20849
1608106953816 2.347064256668091 20899
1608106961094 2.1176793575286865 20949
1608106966405 2.0907397270202637 20999
1608106973223 2.030587911605835 21049
1608106980101 2.0525522232055664 21099
1608106985389 1.9821783304214478 21149
1608106992433 2.103137493133545 21199
1608106997593 2.1341230869293213 21249
1608107004823 2.2197177410125732 21299
1608107011679 2.162766456604004 21349
1608107016793 1.9124720096588135 21399
1608107024090 2.5118730068206787 21449
1608107031477 2.1445252895355225 21499
1608107036781 2.842930316925049 21549
1608107043672 2.066133975982666 21599
1608107050715 2.1119887828826904 21649
1608107055903 2.843923568725586 21699
1608107062906 2.5595364570617676 21749
1608107070255 2.7618374824523926 21799
1608107075492 1.9017870426177979 21849
1608107082767 2.3730931282043457 21899
1608107089963 1.9491924047470093 21949
1608107095368 2.317636013031006 21999
1608107102755 2.2198774814605713 22049
1608107108175 1.9282859563827515 22099
1608107115391 1.953779697418213 22149
1608107122350 2.097511053085327 22199
1608107127383 1.956261396408081 22249
1608107134417 1.9875034093856812 22299
1608107141346 2.2269084453582764 22349
1608107146501 1.9253960847854614 22399
1608107153410 2.1367979049682617 22449
1608107160254 2.366079807281494 22499
1608107165395 2.3634917736053467 22549
1608107172383 2.057784080505371 22599
1608107179231 2.0619137287139893 22649
1608107184311 2.4813480377197266 22699
1608107191257 2.154287576675415 22749
1608107198068 2.03833270072937 22799
1608107202988 2.0225589275360107 22849
1608107209799 2.2111501693725586 22899
1608107216548 2.110745906829834 22949
1608107221505 1.8647414445877075 22999
1608107228430 2.1724743843078613 23049
1608107233455 2.503767967224121 23099
1608107240280 2.0509133338928223 23149
1608107247130 1.9656051397323608 23199
1608107252145 2.2822697162628174 23249
1608107258985 2.0850868225097656 23299
1608107265792 2.540109872817993 23349
1608107270750 2.294502019882202 23399
1608107277517 2.1872618198394775 23449
1608107284377 1.9818999767303467 23499
1608107289425 1.9639052152633667 23549
1608107296211 2.155653953552246 23599
1608107303139 1.9490538835525513 23649
1608107308496 2.368727922439575 23699
1608107315651 2.231384515762329 23749
1608107322407 2.0487115383148193 23799
1608107327466 2.4716312885284424 23849
1608107334556 2.5780208110809326 23899
1608107341529 2.1446516513824463 23949
1608107346585 2.3530051708221436 23999
1608107353640 1.9860087633132935 24049
1608107358694 2.1633572578430176 24099
1608107365647 2.6512346267700195 24149
1608107372861 2.1483147144317627 24199
1608107378037 2.106358289718628 24249
1608107385042 2.160203695297241 24299
1608107392072 2.1964340209960938 24349
1608107397292 1.8856353759765625 24399
1608107404407 2.2802953720092773 24449
1608107411585 2.318310022354126 24499
1608107416981 1.9692466259002686 24549
1608107424189 2.060096025466919 24599
1608107431320 2.177586555480957 24649
1608107436475 2.0980165004730225 24699
1608107443517 2.3670401573181152 24749
1608107450457 2.019444704055786 24799
1608107455592 1.9279757738113403 24849
1608107462669 1.991631031036377 24899
1608107469609 2.046409845352173 24949
1608107474989 1.8953508138656616 24999
1608107482279 2.1079671382904053 25049
1608107487566 2.1758298873901367 25099
1608107494921 2.3077750205993652 25149
1608107501960 2.1606438159942627 25199
1608107507012 1.891046404838562 25249
1608107513989 2.4701051712036133 25299
1608107521331 2.1203832626342773 25349
1608107526981 2.755509376525879 25399
1608107534331 2.068844795227051 25449
1608107541658 2.041855812072754 25499
1608107546882 2.6725308895111084 25549
1608107553995 2.574563980102539 25599
1608107561005 2.9801902770996094 25649
1608107566050 2.011528491973877 25699
1608107573210 2.306507110595703 25749
1608107580677 1.862471342086792 25799
1608107586132 2.2164692878723145 25849
1608107593305 2.19181752204895 25899
1608107598316 1.9265503883361816 25949
1608107605284 1.9658352136611938 25999
1608107612661 2.11332368850708 26049
1608107618237 1.8611228466033936 26099
1608107625905 1.8486480712890625 26149
1608107632996 2.141977548599243 26199
1608107638115 1.9201178550720215 26249
1608107645435 1.8875287771224976 26299
1608107653027 2.4165189266204834 26349
1608107658516 2.285156488418579 26399
1608107665895 2.0733232498168945 26449
1608107673252 2.027158498764038 26499
1608107678956 2.4860141277313232 26549
1608107686441 2.193126916885376 26599
1608107693744 2.04715895652771 26649
1608107698812 2.011134147644043 26699
1608107706045 2.2878077030181885 26749
1608107713564 2.1900899410247803 26799
1608107718983 1.8810983896255493 26849
1608107726146 2.1859912872314453 26899
1608107731422 2.4120187759399414 26949
1608107738784 2.1714930534362793 26999
1608107746098 2.1051182746887207 27049
1608107751450 2.3156371116638184 27099
1608107758705 1.9787567853927612 27149
1608107766141 2.623988151550293 27199
1608107771696 2.2595345973968506 27249
1608107779130 2.172471046447754 27299
1608107786704 1.9729622602462769 27349
1608107792100 1.9470010995864868 27399
1608107799434 2.1106276512145996 27449
1608107806921 1.9832613468170166 27499
1608107812367 2.4822821617126465 27549
1608107819730 2.2264516353607178 27599
1608107826739 1.9480912685394287 27649
1608107832103 2.375016689300537 27699
1608107839540 2.435797691345215 27749
1608107846905 1.9337868690490723 27799
1608107851924 2.338052272796631 27849
1608107858992 1.9346715211868286 27899
1608107864405 2.143963098526001 27949
1608107871778 2.5635902881622314 27999
1608107879071 2.1213622093200684 28049
1608107884470 2.0609519481658936 28099
1608107891701 2.071237802505493 28149
1608107899241 2.3459599018096924 28199
1608107904990 1.8311517238616943 28249
1608107912552 2.164609909057617 28299
1608107919529 2.227665424346924 28349
1608107924554 1.949303388595581 28399
1608107931895 2.0152699947357178 28449
1608107939183 2.1364452838897705 28499
1608107944512 2.089425563812256 28549
1608107951683 2.3675217628479004 28599
1608107958937 2.058340549468994 28649
1608107964393 1.971378207206726 28699
1608107971873 1.9463911056518555 28749
1608107979238 1.9851785898208618 28799
1608107984639 1.876574993133545 28849
1608107992040 2.080296277999878 28899
1608107997197 2.141878843307495 28949
1608108004514 2.2463226318359375 28999
1608108011942 2.0900726318359375 29049
1608108017459 1.9017243385314941 29099
1608108024813 2.541079521179199 29149
1608108032101 2.1403303146362305 29199
1608108037345 2.713918447494507 29249
1608108044535 2.0208823680877686 29299
1608108051944 2.0842530727386475 29349
1608108057414 2.742918014526367 29399
1608108064557 2.5654683113098145 29449
1608108071792 2.8831887245178223 29499
1608108077089 1.9624525308609009 29549
1608108084277 2.3162925243377686 29599
1608108091322 1.9317142963409424 29649
1608108096550 2.2685091495513916 29699
1608108103775 2.110257863998413 29749
1608108108812 1.845690369606018 29799
1608108116129 2.010103464126587 29849
1608108123473 2.0295231342315674 29899
1608108128859 1.8756728172302246 29949
1608108136251 1.8824924230575562 29999
1608108143686 2.0571324825286865 30049
1608108149199 1.9387483596801758 30099
1608108156529 1.8297151327133179 30149
1608108163606 2.3651866912841797 30199
1608108168783 2.288780927658081 30249
1608108176225 2.032806396484375 30299
1608108183661 2.035942792892456 30349
1608108189133 2.4103755950927734 30399
1608108196593 2.1675961017608643 30449
1608108203882 1.9472451210021973 30499
1608108209613 2.0006868839263916 30549
1608108216956 2.1429460048675537 30599
1608108224417 2.138345718383789 30649
1608108229545 1.8050849437713623 30699
1608108236831 2.2204430103302 30749
1608108242273 2.392040491104126 30799
1608108249793 2.026461601257324 30849
1608108257072 1.9411194324493408 30899
1608108262341 2.2904202938079834 30949
1608108269881 1.9893214702606201 30999
1608108277144 2.4304451942443848 31049
1608108282561 2.228689193725586 31099
1608108289918 2.1013669967651367 31149
1608108297028 1.8997983932495117 31199
1608108302172 1.890113353729248 31249
1608108309561 2.176987886428833 31299
1608108316921 1.8929845094680786 31349
1608108322366 2.55228328704834 31399
1608108329291 2.259713649749756 31449
1608108336948 1.8460638523101807 31499
1608108342385 2.336826801300049 31549
1608108349880 2.4567461013793945 31599
1608108356798 2.0132803916931152 31649
1608108362091 2.253391981124878 31699
1608108369460 1.9470144510269165 31749
1608108374944 2.126296281814575 31799
1608108382399 2.4319400787353516 31849
1608108389778 2.0506973266601562 31899
1608108395230 2.0175600051879883 31949
1608108402644 2.1137073040008545 31999
1608108409830 2.2995212078094482 32049
1608108415223 1.8554960489273071 32099
1608108422248 2.11348295211792 32149
1608108429509 2.2485783100128174 32199
1608108434913 1.8811286687850952 32249
1608108442080 1.9202977418899536 32299
1608108449263 2.140028953552246 32349
1608108454560 2.1386477947235107 32399
1608108461916 2.3671364784240723 32449
1608108469126 1.965488076210022 32499
1608108474582 1.8259639739990234 32549
1608108481917 1.9474176168441772 32599
1608108488874 1.9430217742919922 32649
1608108494065 1.888258457183838 32699
1608108501307 2.168187379837036 32749
1608108506425 2.0931625366210938 32799
1608108513667 2.2190146446228027 32849
1608108520791 2.0195207595825195 32899
1608108526119 1.8100223541259766 32949
1608108533557 2.471073865890503 32999
1608108540995 2.1295878887176514 33049
1608108546295 2.604465961456299 33099
1608108553744 1.9775722026824951 33149
1608108561032 1.95689058303833 33199
1608108566411 2.647073984146118 33249
1608108573815 2.600446939468384 33299
1608108581390 2.8662452697753906 33349
1608108586821 1.8690303564071655 33399
1608108594174 2.198975086212158 33449
1608108601181 1.8573708534240723 33499
1608108606470 2.138974666595459 33549
1608108613916 2.1945340633392334 33599
1608108619325 1.8104530572891235 33649
1608108626637 1.8544363975524902 33699
1608108633875 2.0393459796905518 33749
1608108639176 1.8540936708450317 33799
1608108646522 1.8304893970489502 33849
1608108653771 2.067171335220337 33899
1608108659099 1.879183292388916 33949
1608108666355 1.9948835372924805 33999
1608108673705 2.2557501792907715 34049
1608108678972 2.2666239738464355 34099
1608108686243 2.0353994369506836 34149
1608108693547 1.9203157424926758 34199
1608108699078 2.4187326431274414 34249
1608108706313 2.113839626312256 34299
1608108713443 1.9399254322052002 34349
1608108718782 2.029299259185791 34399
1608108726027 2.2282044887542725 34449
1608108733071 2.133774518966675 34499
1608108738401 1.8162298202514648 34549
1608108745844 2.0993943214416504 34599
1608108751155 2.339402914047241 34649
1608108758629 1.9569977521896362 34699
1608108766071 1.9062848091125488 34749
1608108771409 2.285177707672119 34799
1608108778702 1.9571424722671509 34849
1608108786058 2.4906771183013916 34899
1608108791324 2.209221601486206 34949
1608108798498 2.0197067260742188 34999
1608108805289 1.8327609300613403 35049
1608108810297 1.8369895219802856 35099
1608108817431 2.0594608783721924 35149
1608108824838 1.9760053157806396 35199
1608108830308 2.514206647872925 35249
1608108837635 2.1597635746002197 35299
1608108845009 1.9657924175262451 35349
1608108850335 2.350339889526367 35399
1608108857705 2.325613498687744 35449
1608108865092 1.8830478191375732 35499
1608108870367 2.323333978652954 35549
1608108877632 1.9184616804122925 35599
1608108882891 2.0912458896636963 35649
1608108890087 2.5231640338897705 35699
1608108897343 1.9973243474960327 35749
1608108902612 1.8445460796356201 35799
1608108909941 2.038811683654785 35849
1608108917306 2.2575366497039795 35899
1608108922790 1.8242361545562744 35949
1608108930125 2.1758806705474854 35999
1608108937440 2.1463983058929443 36049
1608108942958 1.9160914421081543 36099
1608108950200 1.937811255455017 36149
1608108957265 2.0767621994018555 36199
1608108962478 2.061537265777588 36249
1608108969537 2.2241082191467285 36299
1608108976604 2.043067216873169 36349
1608108981991 1.9936959743499756 36399
1608108989338 1.9026037454605103 36449
1608108996599 1.8959274291992188 36499
1608109001995 1.7559468746185303 36549
1608109009325 2.038344144821167 36599
1608109014778 2.125096321105957 36649
1608109022203 2.2725698947906494 36699
1608109029440 2.0006682872772217 36749
1608109034644 1.760743260383606 36799
1608109042054 2.405655860900879 36849
1608109049575 2.0673115253448486 36899
1608109054984 2.6827609539031982 36949
1608109062059 1.9402045011520386 36999
1608109069263 1.9440603256225586 37049
1608109074725 2.602393388748169 37099
1608109081908 2.5701615810394287 37149
1608109088978 2.8920249938964844 37199
1608109094189 1.8939889669418335 37249
1608109101525 2.156183958053589 37299
1608109108860 1.8174304962158203 37349
1608109114048 2.225898265838623 37399
1608109120861 2.0552566051483154 37449
1608109125982 1.762977957725525 37499
1608109133310 1.873142957687378 37549
1608109140703 1.9492928981781006 37599
1608109146018 1.8764082193374634 37649
1608109153034 1.831581473350525 37699
1608109160208 2.115725040435791 37749
1608109165695 1.9610726833343506 37799
1608109173046 1.8205280303955078 37849
1608109180153 2.3613665103912354 37899
1608109185471 2.2455599308013916 37949
1608109192714 1.926384449005127 37999
1608109199923 1.9116036891937256 38049
1608109205488 2.3560845851898193 38099
1608109212931 2.0660665035247803 38149
1608109220174 1.9265705347061157 38199
1608109225552 1.9266449213027954 38249
1608109232830 2.1520307064056396 38299
1608109240078 2.0631496906280518 38349
1608109245452 1.790319561958313 38399
1608109252728 2.1546552181243896 38449
1608109258075 2.420962333679199 38499
1608109265406 1.9503272771835327 38549
1608109272676 1.925022840499878 38599
1608109277975 2.2720165252685547 38649
1608109285261 1.9122899770736694 38699
1608109292464 2.423448324203491 38749
1608109297810 2.2790029048919678 38799
1608109305159 2.0242154598236084 38849
1608109312274 1.812849760055542 38899
1608109317557 1.8844959735870361 38949
1608109325093 2.022749662399292 38999
1608109332277 1.934342384338379 39049
1608109337576 2.362682342529297 39099
1608109344724 2.118914842605591 39149
1608109351823 1.8337289094924927 39199
1608109357046 2.3286404609680176 39249
1608109364293 2.3408043384552 39299
1608109371544 1.863814353942871 39349
1608109376835 2.2267613410949707 39399
1608109384025 1.832733154296875 39449
1608109389174 2.0161187648773193 39499
1608109396373 2.5792605876922607 39549
1608109403403 1.9902679920196533 39599
1608109408560 1.9695689678192139 39649
1608109415924 1.8413792848587036 39699
1608109423371 2.1214284896850586 39749
1608109428516 1.8123557567596436 39799
1608109435847 2.116589307785034 39849
1608109443036 2.19803786277771 39899
1608109448475 1.870334267616272 39949
1608109455538 1.9226305484771729 39999
1608109462608 2.1337034702301025 40049
1608109468023 2.036134958267212 40099
1608109475286 2.26794695854187 40149
1608109482657 1.9816763401031494 40199
1608109488071 1.878940463066101 40249
1608109495324 2.001718282699585 40299
1608109502416 1.9228229522705078 40349
1608109507636 1.853106141090393 40399
1608109515060 1.956573247909546 40449
1608109520325 2.0415713787078857 40499
1608109527603 2.1234829425811768 40549
1608109534643 1.9878188371658325 40599
1608109539832 1.801578164100647 40649
1608109547084 2.4322397708892822 40699
1608109554139 2.1601860523223877 40749
1608109559179 2.647076368331909 40799
1608109566300 1.883307695388794 40849
1608109573732 1.8457698822021484 40899
1608109579144 2.676041603088379 40949
1608109586339 2.4591500759124756 40999
1608109593307 2.8580799102783203 41049
1608109598640 1.8654875755310059 41099
1608109605983 2.185992956161499 41149
1608109613292 1.8070557117462158 41199
1608109618539 2.1054317951202393 41249
1608109625940 2.0845530033111572 41299
1608109631291 1.7726513147354126 41349
1608109638669 1.807411551475525 41399
1608109645935 1.8644400835037231 41449
1608109651306 1.821233868598938 41499
1608109658729 1.8695820569992065 41549
1608109666042 2.0682737827301025 41599
1608109671373 1.874184489250183 41649
1608109678728 1.8138084411621094 41699
1608109685870 2.3834173679351807 41749
1608109691265 2.2863693237304688 41799
1608109698630 1.979349970817566 41849
1608109705878 1.859474539756775 41899
1608109711290 2.353917360305786 41949
1608109718483 2.0076375007629395 41999
1608109725536 1.968674659729004 42049
1608109730937 1.9774742126464844 42099
1608109738307 2.157811403274536 42149
1608109745609 1.960184931755066 42199
1608109750812 1.769012212753296 42249
1608109757983 2.083423614501953 42299
1608109763344 2.3861963748931885 42349
1608109770687 1.9855468273162842 42399
1608109777833 1.9326019287109375 42449
1608109783096 2.1705431938171387 42499
1608109790501 1.8816328048706055 42549
1608109797734 2.5316007137298584 42599
1608109802923 2.1792492866516113 42649
1608109810034 2.0659806728363037 42699
1608109817284 1.8657495975494385 42749
1608109822673 1.8083162307739258 42799
1608109829834 2.0204474925994873 42849
1608109837133 1.8943891525268555 42899
1608109842556 2.380612373352051 42949
1608109849794 2.158186435699463 42999
1608109857182 1.7968924045562744 43049
1608109862382 2.3441877365112305 43099
1608109869440 2.2512130737304688 43149
1608109876568 1.7951470613479614 43199
1608109881668 2.109907627105713 43249
1608109888844 1.8255717754364014 43299
1608109894037 2.0175180435180664 43349
1608109901313 2.5122969150543213 43399
1608109908564 2.0445449352264404 43449
1608109913903 1.8563320636749268 43499
1608109921063 1.9597669839859009 43549
1608109928320 2.1874685287475586 43599
1608109933572 1.8099614381790161 43649
1608109940851 2.0258421897888184 43699
1608109948135 2.0417304039001465 43749
1608109953358 1.8020312786102295 43799
1608109960422 1.9393413066864014 43849
1608109967575 2.0721099376678467 43899
1608109972999 2.050198793411255 43949
1608109980400 2.229937791824341 43999
1608109987742 1.9782803058624268 44049
1608109993133 1.849793553352356 44099
1608110000476 1.8484652042388916 44149
1608110007758 1.8779102563858032 44199
1608110012852 1.788775086402893 44249
1608110020037 1.9525339603424072 44299
1608110025424 2.052656412124634 44349
1608110032816 2.1342978477478027 44399
1608110039834 1.924985408782959 44449
1608110045017 1.7086869478225708 44499
1608110052220 2.4345643520355225 44549
1608110059645 2.0441408157348633 44599
1608110064718 2.5931243896484375 44649
1608110072040 1.9026120901107788 44699
1608110079286 1.871073842048645 44749
1608110084700 2.669933795928955 44799
1608110092050 2.524477005004883 44849
1608110099302 2.7145814895629883 44899
1608110104692 1.8610917329788208 44949
1608110111669 2.1797518730163574 44999
1608110118931 1.7560555934906006 45049
1608110124211 2.1398394107818604 45099
1608110131379 2.0320169925689697 45149
1608110136583 1.7556544542312622 45199
1608110143884 1.8494484424591064 45249
1608110151129 1.8113698959350586 45299
1608110156384 1.805274486541748 45349
1608110163563 1.7804744243621826 45399
1608110170758 2.038529634475708 45449
1608110176180 1.7939749956130981 45499
1608110183660 1.7962148189544678 45549
1608110190948 2.2913994789123535 45599
1608110196372 2.2966928482055664 45649
1608110203432 1.9049077033996582 45699
1608110210659 1.7957496643066406 45749
1608110216050 2.303485631942749 45799
1608110223428 2.0336785316467285 45849
1608110230748 1.9089269638061523 45899
1608110236074 1.9148751497268677 45949
1608110243294 2.1032729148864746 45999
1608110250596 2.0479867458343506 46049
1608110256112 1.6960763931274414 46099
1608110263063 2.030060291290283 46149
1608110268393 2.3733038902282715 46199
1608110275979 1.9500610828399658 46249
1608110283176 1.9545528888702393 46299
1608110288450 2.2175040245056152 46349
1608110295433 1.8280484676361084 46399
1608110302713 2.5128965377807617 46449
1608110308134 2.0889205932617188 46499
1608110315529 2.0891809463500977 46549
1608110322883 1.7528460025787354 46599
1608110328203 1.8444212675094604 46649
1608110335513 2.0640435218811035 46699
1608110342727 1.9361876249313354 46749
1608110348013 2.3997209072113037 46799
1608110355314 2.056729555130005 46849
1608110362665 1.8624716997146606 46899
1608110368079 2.2720837593078613 46949
1608110375063 2.273853302001953 46999
1608110382293 1.749189853668213 47049
1608110387463 2.2428348064422607 47099
1608110394547 1.8269754648208618 47149
1608110399705 1.9173095226287842 47199
1608110406995 2.5121591091156006 47249
1608110414177 1.9601587057113647 47299
1608110419200 1.8554142713546753 47349
1608110426364 1.9004340171813965 47399
1608110433410 2.1930654048919678 47449
1608110438661 1.731123924255371 47499
1608110445934 1.9620349407196045 47549
1608110453306 2.117647647857666 47599
1608110458678 1.8234280347824097 47649
1608110466175 1.8516418933868408 47699
1608110473470 2.027345895767212 47749
1608110478409 1.9614042043685913 47799
1608110485340 2.27563738822937 47849
1608110492685 1.9963960647583008 47899
1608110498444 1.8702479600906372 47949
1608110506269 1.862141489982605 47999
1608110513876 1.8755793571472168 48049
1608110519567 1.7632848024368286 48099
1608110526804 1.9441503286361694 48149
1608110532128 2.0587923526763916 48199
1608110539504 2.1183180809020996 48249
1608110546813 1.8271279335021973 48299
1608110552280 1.661981463432312 48349
1608110559712 2.276142120361328 48399
1608110567080 2.0285696983337402 48449
1608110572379 2.6727542877197266 48499
1608110579577 1.8927414417266846 48549
1608110586734 1.9047008752822876 48599
1608110592016 2.7153515815734863 48649
1608110599454 2.440783739089966 48699
1608110606629 2.7990124225616455 48749
1608110611891 1.853368878364563 48799
1608110619122 2.0557899475097656 48849
1608110626476 1.6986275911331177 48899
1608110631858 2.0376880168914795 48949
1608110639391 2.177311658859253 48999
1608110644444 1.7461570501327515 49049
1608110651825 1.8026318550109863 49099
1608110659182 1.8794490098953247 49149
1608110664576 1.7797212600708008 49199
1608110671822 1.7444707155227661 49249
1608110679060 2.0614986419677734 49299
1608110684476 1.890331745147705 49349
1608110691984 1.9047620296478271 49399
1608110699261 2.2472083568573 49449
1608110704363 2.215851306915283 49499
1608110711651 1.9950485229492188 49549
1608110719483 1.7540481090545654 49599
1608110725106 2.3853516578674316 49649
1608110732228 2.0785346031188965 49699
1608110739159 1.9141249656677246 49749
1608110744402 1.9792699813842773 49799
1608110751837 2.0590953826904297 49849
1608110759181 1.9124785661697388 49899
1608110764579 1.7396085262298584 49949
1608110771664 2.0003933906555176 49999
1608110777027 2.459460735321045 50049
1608110784347 1.9570026397705078 50099
1608110791556 1.9002916812896729 50149
1608110796823 2.148136615753174 50199
1608110804155 1.826236605644226 50249
1608110811396 2.340825080871582 50299
1608110816870 2.126132011413574 50349
1608110824002 2.1307857036590576 50399
1608110831241 1.8218538761138916 50449
1608110836658 1.905524492263794 50499
1608110843932 2.073896646499634 50549
1608110851317 1.8348422050476074 50599
1608110856653 2.4363701343536377 50649
1608110864066 2.0535666942596436 50699
1608110871320 1.817470669746399 50749
1608110876770 2.2520711421966553 50799
1608110884200 2.2505149841308594 50849
1608110891257 1.6802101135253906 50899
1608110896464 2.2479610443115234 50949
1608110903638 1.7976100444793701 50999
1608110909002 1.9920448064804077 51049
1608110916258 2.5545833110809326 51099
1608110923536 1.8463422060012817 51149
1608110928845 1.7979680299758911 51199
1608110936224 1.7883960008621216 51249
1608110943392 2.153862476348877 51299
1608110949082 1.7202781438827515 51349
1608110956212 2.0818283557891846 51399
1608110963310 2.123318672180176 51449
1608110968865 1.748552918434143 51499
1608110976094 1.7790600061416626 51549
1608110983231 2.04651141166687 51599
1608110988474 1.9481070041656494 51649
1608110995622 2.1215896606445312 51699
1608111003025 1.8506903648376465 51749
1608111008525 1.8543546199798584 51799
1608111016020 1.8856669664382935 51849
1608111023149 1.7718616724014282 51899
1608111028247 1.7530008554458618 51949
1608111035418 1.9926371574401855 51999
1608111040445 1.993952751159668 52049
1608111047352 2.095292568206787 52099
1608111054524 1.9102392196655273 52149
1608111060015 1.6780445575714111 52199
1608111067176 2.322084426879883 52249
1608111074233 1.931856393814087 52299
1608111079754 2.601369857788086 52349
1608111087195 1.8943538665771484 52399
1608111094253 1.8855539560317993 52449
1608111099327 2.6774935722351074 52499
1608111106363 2.4498684406280518 52549
1608111113441 2.7554702758789062 52599
1608111118584 1.800007700920105 52649
1608111125847 2.065537691116333 52699
1608111132712 1.7463055849075317 52749
1608111137905 2.1089584827423096 52799
1608111145299 2.0811052322387695 52849
1608111150478 1.7556010484695435 52899
1608111157647 1.8646385669708252 52949
1608111164662 1.911287546157837 52999
1608111169762 1.7830575704574585 53049
1608111176846 1.7814953327178955 53099
1608111183832 1.975633978843689 53149
1608111189010 1.8402212858200073 53199
1608111195954 1.8338161706924438 53249
1608111203052 2.3192319869995117 53299
1608111208161 2.209362745285034 53349
1608111215096 1.9692615270614624 53399
1608111222078 1.910408616065979 53449
1608111227358 2.2767083644866943 53499
1608111234182 2.055209159851074 53549
1608111241179 1.9359232187271118 53599
1608111246615 1.8993089199066162 53649
1608111253966 2.071967601776123 53699
1608111261162 1.973223090171814 53749
1608111266428 1.6833584308624268 53799
1608111273268 2.0335352420806885 53849
1608111278353 2.3530337810516357 53899
1608111285247 1.9185484647750854 53949
1608111292156 1.878286600112915 53999
1608111297453 2.130321979522705 54049
1608111304689 1.8491473197937012 54099
1608111311913 2.4622087478637695 54149
1608111317359 2.124814510345459 54199
1608111324428 2.015227794647217 54249
1608111331393 1.7942478656768799 54299
1608111336674 1.849752426147461 54349
1608111343675 2.0567009449005127 54399
1608111350780 1.8272277116775513 54449
1608111356255 2.4131999015808105 54499
1608111363392 2.1395082473754883 54549
1608111370539 1.8638927936553955 54599
1608111375633 2.169161081314087 54649
