1608112571721 0 49
1608112577155 0 76
1608112580432 1 99
1608112585657 1 149
1608112587605 1 153
1608112592926 2 199
1608112597738 2 230
1608112600142 3 249
1608112605483 3 299
1608112607824 3 307
1608112612640 4 349
1608112617961 4 384
1608112619912 5 399
1608112625347 5 449
1608112628169 5 461
1608112632584 6 499
1608112638626 6 538
1608112640123 7 549
1608112645552 7 599
1608112648882 7 615
1608112652843 8 649
1608112658973 8 692
1608112659977 9 699
1608112665099 9 749
1608112668654 9 769
1608112672035 10 799
1608112678332 10 846
1608112678943 11 849
1608112684219 11 899
1608112688228 11 923
1608112691193 12 949
1608112696248 12 999
1608112697825 12 1000
1608112703253 13 1049
1608112707717 13 1077
1608112710467 14 1099
1608112715727 14 1149
1608112717761 14 1154
1608112722695 15 1199
1608112727506 15 1231
1608112729668 16 1249
1608112734875 16 1299
1608112737333 16 1308
1608112741869 17 1349
1608112747117 17 1385
1608112748875 18 1399
1608112754155 18 1449
1608112757005 18 1462
1608112761180 19 1499
1608112766872 19 1539
1608112768235 20 1549
1608112773567 20 1599
1608112776881 20 1616
1608112780676 21 1649
1608112787014 21 1693
1608112787950 22 1699
1608112793168 22 1749
1608112796862 22 1770
1608112800307 23 1799
1608112806891 23 1847
1608112807382 24 1849
1608112812712 24 1899
1608112816864 24 1924
1608112819866 25 1949
1608112825373 25 1999
1608112827123 25 2001
1608112832448 26 2049
1608112836921 26 2078
1608112839358 27 2099
1608112844491 27 2149
1608112846609 27 2155
1608112851517 28 2199
1608112856373 28 2232
1608112858381 29 2249
1608112863604 29 2299
1608112866188 29 2309
1608112870676 30 2349
1608112876001 30 2386
1608112877617 31 2399
1608112882813 31 2449
1608112885747 31 2463
1608112889914 32 2499
1608112895904 32 2540
1608112897112 33 2549
1608112902431 33 2599
1608112905897 33 2617
1608112909585 34 2649
1608112915830 34 2694
1608112916650 35 2699
1608112922088 35 2749
1608112925943 35 2771
1608112929274 36 2799
1608112935940 36 2848
1608112936321 37 2849
1608112941515 37 2899
1608112945663 37 2925
1608112948496 38 2949
1608112953858 38 2999
1608112955801 38 3002
1608112961306 39 3049
1608112966181 39 3079
1608112968618 40 3099
1608112973676 40 3149
1608112975907 40 3156
1608112980759 41 3199
1608112985902 41 3233
1608112987966 42 3249
1608112993469 42 3299
1608112996144 42 3310
1608113000782 43 3349
1608113006338 43 3387
1608113007925 44 3399
1608113013378 44 3449
1608113016494 44 3464
1608113020545 45 3499
1608113026699 45 3541
1608113027916 46 3549
1608113033473 46 3599
1608113037034 46 3618
1608113040496 47 3649
1608113046772 47 3695
1608113047464 48 3699
1608113052808 48 3749
1608113056914 48 3772
1608113060097 49 3799
1608113065382 49 3849
1608113066928 49 3849
1608113072667 50 3899
1608113077029 50 3926
1608113079698 51 3949
1608113084813 51 3999
1608113086773 51 4003
1608113091882 52 4049
1608113096614 52 4080
1608113098885 53 4099
1608113104344 53 4149
1608113106823 53 4157
1608113111757 54 4199
1608113117066 54 4234
1608113118977 55 4249
1608113124282 55 4299
1608113127072 55 4311
1608113131365 56 4349
1608113137119 56 4388
1608113138650 57 4399
1608113144306 57 4449
1608113147694 57 4465
1608113151623 58 4499
1608113157733 58 4542
1608113158769 59 4549
1608113163917 59 4599
1608113167523 59 4619
1608113170919 60 4649
1608113177302 60 4696
1608113177900 61 4699
1608113183155 61 4749
1608113187159 61 4773
1608113190129 62 4799
1608113195364 62 4849
1608113197023 62 4850
1608113202381 63 4899
1608113206793 63 4927
1608113209410 64 4949
1608113214734 64 4999
1608113216781 64 5004
1608113221755 65 5049
1608113226618 65 5081
1608113228851 66 5099
1608113234207 66 5149
1608113236681 66 5158
1608113241264 67 5199
1608113246599 67 5235
1608113248396 68 5249
1608113253683 68 5299
1608113256616 68 5312
1608113260840 69 5349
1608113266604 69 5389
1608113267868 70 5399
1608113273180 70 5449
1608113276475 70 5466
1608113280234 71 5499
1608113286397 71 5543
1608113287325 72 5549
1608113292594 72 5599
1608113296431 72 5620
1608113299822 73 5649
1608113306654 73 5697
1608113307145 74 5699
1608113312624 74 5749
1608113317033 74 5774
1608113320028 75 5799
1608113325343 75 5849
1608113327117 75 5851
1608113332594 76 5899
1608113337251 76 5928
1608113339829 77 5949
1608113345180 77 5999
1608113347337 77 6005
1608113352467 78 6049
1608113357575 78 6082
1608113359685 79 6099
1608113365099 79 6149
1608113367710 79 6159
1608113372288 80 6199
1608113377742 80 6236
1608113379386 81 6249
1608113384652 81 6299
1608113387684 81 6313
1608113392000 82 6349
1608113397782 82 6390
1608113399034 83 6399
1608113404427 83 6449
1608113407947 83 6467
1608113411811 84 6499
1608113418217 84 6544
1608113419086 85 6549
1608113424751 85 6599
1608113428744 85 6621
1608113432210 86 6649
1608113439147 86 6698
1608113439528 87 6699
1608113445007 87 6749
1608113449329 87 6775
1608113452432 88 6799
1608113457795 88 6849
1608113459655 88 6852
1608113464981 89 6899
1608113469737 89 6929
1608113472101 90 6949
1608113477277 90 6999
1608113479518 90 7006
1608113484489 91 7049
1608113489577 91 7083
1608113491571 92 7099
1608113496821 92 7149
1608113499454 92 7160
1608113503877 93 7199
1608113509462 93 7237
1608113511084 94 7249
1608113516812 94 7299
1608113520065 94 7314
