1608112571721 4.3182477951049805 49
1608112580432 3.2665882110595703 99
1608112585657 3.3982441425323486 149
1608112592926 3.199059009552002 199
1608112600142 3.1967720985412598 249
1608112605483 2.9701695442199707 299
1608112612640 2.8934266567230225 349
1608112619912 3.0893561840057373 399
1608112625347 2.898982048034668 449
1608112632584 2.798642635345459 499
1608112640123 2.92857027053833 549
1608112645552 2.885249137878418 599
1608112652843 2.8030269145965576 649
1608112659977 2.8396754264831543 699
1608112665099 2.7865688800811768 749
1608112672035 2.953401803970337 799
1608112678943 2.829749584197998 849
1608112684219 2.697953701019287 899
1608112691193 2.744767427444458 949
1608112696248 2.881058931350708 999
1608112703253 2.85929536819458 1049
1608112710467 3.251237154006958 1099
1608112715727 3.2631189823150635 1149
1608112722695 3.189816474914551 1199
1608112729668 3.2251577377319336 1249
1608112734875 3.192932605743408 1299
1608112741869 3.1623122692108154 1349
1608112748875 3.1723711490631104 1399
1608112754155 3.124852418899536 1449
1608112761180 3.1636428833007812 1499
1608112768235 3.129307746887207 1549
1608112773567 3.0955045223236084 1599
1608112780676 2.943209171295166 1649
1608112787950 2.8282854557037354 1699
1608112793168 2.949030637741089 1749
1608112800307 2.877392530441284 1799
1608112807382 2.8948967456817627 1849
1608112812712 3.036187171936035 1899
1608112819866 2.794261932373047 1949
1608112825373 2.6465444564819336 1999
1608112832448 2.785168170928955 2049
1608112839358 2.6684494018554688 2099
1608112844491 2.721071243286133 2149
1608112851517 2.6800222396850586 2199
1608112858381 2.663649320602417 2249
1608112863604 2.651171922683716 2299
1608112870676 2.653865337371826 2349
1608112877617 2.8134403228759766 2399
1608112882813 2.671701192855835 2449
1608112889914 2.5908758640289307 2499
1608112897112 2.7166316509246826 2549
1608112902431 2.601182699203491 2599
1608112909585 2.6410491466522217 2649
1608112916650 2.7825145721435547 2699
1608112922088 2.5257134437561035 2749
1608112929274 2.508838176727295 2799
1608112936321 2.592184066772461 2849
1608112941515 2.509209394454956 2899
1608112948496 2.676816463470459 2949
1608112953858 2.498417377471924 2999
1608112961306 2.712740898132324 3049
1608112968618 2.7496204376220703 3099
1608112973676 2.3728110790252686 3149
1608112980759 2.967902421951294 3199
1608112987966 2.540975570678711 3249
1608112993469 2.8697662353515625 3299
1608113000782 2.5726585388183594 3349
1608113007925 2.5835912227630615 3399
1608113013378 3.012830972671509 3449
1608113020545 2.7693116664886475 3499
1608113027916 3.454150676727295 3549
1608113033473 2.338107109069824 3599
1608113040496 2.5307061672210693 3649
1608113047464 2.3807950019836426 3699
1608113052808 2.7465155124664307 3749
1608113060097 2.598759651184082 3799
1608113065382 2.4550697803497314 3849
1608113072667 2.4473180770874023 3899
1608113079698 2.6108298301696777 3949
1608113084813 2.446877956390381 3999
1608113091882 2.408127546310425 4049
1608113098885 2.536315441131592 4099
1608113104344 2.476518392562866 4149
1608113111757 2.518350124359131 4199
1608113118977 2.7502200603485107 4249
1608113124282 2.8231167793273926 4299
1608113131365 2.416989326477051 4349
1608113138650 2.53584623336792 4399
1608113144306 2.512482166290283 4449
1608113151623 2.547966718673706 4499
1608113158769 2.4319944381713867 4549
1608113163917 2.354678153991699 4599
1608113170919 2.643317937850952 4649
1608113177900 2.453744411468506 4699
1608113183155 2.3707306385040283 4749
1608113190129 2.4648520946502686 4799
1608113195364 2.6425440311431885 4849
1608113202381 3.946769952774048 4899
1608113209410 3.363407850265503 4949
1608113214734 3.2899441719055176 4999
1608113221755 3.2602360248565674 5049
1608113228851 3.269321918487549 5099
1608113234207 3.2699809074401855 5149
1608113241264 3.263009786605835 5199
1608113248396 3.2625057697296143 5249
1608113253683 3.2601327896118164 5299
1608113260840 3.2553677558898926 5349
1608113267868 3.2675323486328125 5399
1608113273180 3.259977102279663 5449
1608113280234 3.2577385902404785 5499
1608113287325 3.2585666179656982 5549
1608113292594 3.2585108280181885 5599
1608113299822 3.2579166889190674 5649
1608113307145 3.259589195251465 5699
1608113312624 3.253941059112549 5749
1608113320028 3.257611036300659 5799
1608113325343 3.255495548248291 5849
1608113332594 3.258418560028076 5899
1608113339829 3.259269952774048 5949
1608113345180 3.2571709156036377 5999
1608113352467 3.2585363388061523 6049
1608113359685 3.259289026260376 6099
1608113365099 3.2608253955841064 6149
1608113372288 3.2606911659240723 6199
1608113379386 3.2577202320098877 6249
1608113384652 3.2583653926849365 6299
1608113392000 3.257952928543091 6349
1608113399034 3.256242513656616 6399
1608113404427 3.259695529937744 6449
1608113411811 3.2571775913238525 6499
1608113419086 3.257633686065674 6549
1608113424751 3.258293628692627 6599
1608113432210 3.2572720050811768 6649
1608113439528 3.2587552070617676 6699
1608113445007 3.259366989135742 6749
1608113452432 3.2577595710754395 6799
1608113457795 3.2587971687316895 6849
1608113464981 3.2586958408355713 6899
1608113472101 3.2604236602783203 6949
1608113477277 3.258937120437622 6999
1608113484489 3.2572078704833984 7049
1608113491571 3.2579126358032227 7099
1608113496821 3.2583975791931152 7149
1608113503877 3.258579730987549 7199
1608113511084 3.2583155632019043 7249
1608113516812 3.2562386989593506 7299
1608113524194 3.2581775188446045 7349
