1608112571721 0.0390625 49
1608112580432 0.0390625 99
1608112585657 0.0390625 149
1608112592926 0.0546875 199
1608112600142 0.0625 249
1608112605483 0.08984375 299
1608112612640 0.0859375 349
1608112619912 0.09375 399
1608112625347 0.09375 449
1608112632584 0.078125 499
1608112640123 0.1015625 549
1608112645552 0.0859375 599
1608112652843 0.09765625 649
1608112659977 0.08984375 699
1608112665099 0.09375 749
1608112672035 0.0859375 799
1608112678943 0.08203125 849
1608112684219 0.13671875 899
1608112691193 0.14453125 949
1608112696248 0.078125 999
1608112703253 0.0859375 1049
1608112710467 0.046875 1099
1608112715727 0.05078125 1149
1608112722695 0.04296875 1199
1608112729668 0.0546875 1249
1608112734875 0.05078125 1299
1608112741869 0.05859375 1349
1608112748875 0.0703125 1399
1608112754155 0.06640625 1449
1608112761180 0.06640625 1499
1608112768235 0.06640625 1549
1608112773567 0.07421875 1599
1608112780676 0.12890625 1649
1608112787950 0.109375 1699
1608112793168 0.1171875 1749
1608112800307 0.11328125 1799
1608112807382 0.09375 1849
1608112812712 0.12890625 1899
1608112819866 0.09765625 1949
1608112825373 0.12890625 1999
1608112832448 0.12890625 2049
1608112839358 0.140625 2099
1608112844491 0.12890625 2149
1608112851517 0.13671875 2199
1608112858381 0.1484375 2249
1608112863604 0.125 2299
1608112870676 0.15625 2349
1608112877617 0.1015625 2399
1608112882813 0.12109375 2449
1608112889914 0.1484375 2499
1608112897112 0.14453125 2549
1608112902431 0.17578125 2599
1608112909585 0.171875 2649
1608112916650 0.14453125 2699
1608112922088 0.140625 2749
1608112929274 0.1640625 2799
1608112936321 0.1328125 2849
1608112941515 0.1875 2899
1608112948496 0.15234375 2949
1608112953858 0.16796875 2999
1608112961306 0.13671875 3049
1608112968618 0.1015625 3099
1608112973676 0.18359375 3149
1608112980759 0.1640625 3199
1608112987966 0.15625 3249
1608112993469 0.15234375 3299
1608113000782 0.15234375 3349
1608113007925 0.19140625 3399
1608113013378 0.1796875 3449
1608113020545 0.14453125 3499
1608113027916 0.1171875 3549
1608113033473 0.22265625 3599
1608113040496 0.18359375 3649
1608113047464 0.18359375 3699
1608113052808 0.16015625 3749
1608113060097 0.1875 3799
1608113065382 0.20270270109176636 3849
1608113072667 0.16015625 3899
1608113079698 0.11328125 3949
1608113084813 0.2109375 3999
1608113091882 0.17578125 4049
1608113098885 0.1640625 4099
1608113104344 0.16796875 4149
1608113111757 0.13671875 4199
1608113118977 0.140625 4249
1608113124282 0.140625 4299
1608113131365 0.18359375 4349
1608113138650 0.1328125 4399
1608113144306 0.1484375 4449
1608113151623 0.1875 4499
1608113158769 0.1484375 4549
1608113163917 0.22265625 4599
1608113170919 0.13671875 4649
1608113177900 0.19921875 4699
1608113183155 0.17578125 4749
1608113190129 0.1484375 4799
1608113195364 0.12109375 4849
1608113202381 0.0390625 4899
1608113209410 0.04296875 4949
1608113214734 0.03515625 4999
1608113221755 0.04296875 5049
1608113228851 0.04296875 5099
1608113234207 0.04296875 5149
1608113241264 0.0390625 5199
1608113248396 0.0390625 5249
1608113253683 0.0390625 5299
1608113260840 0.04296875 5349
1608113267868 0.0390625 5399
1608113273180 0.04296875 5449
1608113280234 0.03515625 5499
1608113287325 0.0390625 5549
1608113292594 0.03515625 5599
1608113299822 0.0390625 5649
1608113307145 0.0390625 5699
1608113312624 0.04296875 5749
1608113320028 0.0390625 5799
1608113325343 0.04296875 5849
1608113332594 0.0390625 5899
1608113339829 0.0390625 5949
1608113345180 0.0390625 5999
1608113352467 0.03515625 6049
1608113359685 0.0390625 6099
1608113365099 0.03515625 6149
1608113372288 0.04296875 6199
1608113379386 0.0390625 6249
1608113384652 0.03515625 6299
1608113392000 0.0390625 6349
1608113399034 0.0390625 6399
1608113404427 0.03515625 6449
1608113411811 0.04296875 6499
1608113419086 0.0390625 6549
1608113424751 0.03515625 6599
1608113432210 0.0390625 6649
1608113439528 0.03515625 6699
1608113445007 0.0390625 6749
1608113452432 0.03515625 6799
1608113457795 0.0390625 6849
1608113464981 0.0390625 6899
1608113472101 0.0390625 6949
1608113477277 0.03515625 6999
1608113484489 0.0390625 7049
1608113491571 0.0390625 7099
1608113496821 0.0390625 7149
1608113503877 0.0390625 7199
1608113511084 0.03515625 7249
1608113516812 0.0390625 7299
